4.810199554116496074e+03
4.809717280908714201e+03
4.809234809985640823e+03
4.808752141347275028e+03
4.808269274993617728e+03
4.807786210924668012e+03
4.807302949140425881e+03
4.806819489640892243e+03
4.806335832426066190e+03
4.805851977495948631e+03
4.805367924850538657e+03
4.804883674489836267e+03
4.804399226413842371e+03
4.803914580622556059e+03
4.803429737115977332e+03
4.802944695894107099e+03
4.802459456956944450e+03
4.801974020304489386e+03
4.801488385936742816e+03
4.801002553853704740e+03
4.800516524055373338e+03
4.800030296541750431e+03
4.799543871312836018e+03
4.799057248368629189e+03
4.798570427709129945e+03
4.798083409334339194e+03
4.797596193244256028e+03
4.797108779438880447e+03
4.796621167918213359e+03
4.796133358682253856e+03
4.795645351731001938e+03
4.795157147064458513e+03
4.794668744682623583e+03
4.794180144585495327e+03
4.793691346773075566e+03
4.793202351245364298e+03
4.792713158002359705e+03
4.792223767044064516e+03
4.791734178370476002e+03
4.791244391981595982e+03
4.790754407877423546e+03
4.790264226057959604e+03
4.789773846523203247e+03
4.789283269273155383e+03
4.788792494307815105e+03
4.788301521627182410e+03
4.787810351231257300e+03
4.787318983120040684e+03
4.786827417293532562e+03
4.786335653751732025e+03
4.785843692494639072e+03
4.785351533522253703e+03
4.784859176834576829e+03
4.784366622431608448e+03
4.783873870313346742e+03
4.783380920479793531e+03
4.782887772930948813e+03
4.782394427666811680e+03
4.781900884687382131e+03
4.781407143992660167e+03
4.780913205582646697e+03
4.780419069457341720e+03
4.779924735616743419e+03
4.779430204060853612e+03
4.778935474789672298e+03
4.778440547803198569e+03
4.777945423101432425e+03
4.777450100684374775e+03
4.776954580552024709e+03
4.776458862704382227e+03
4.775962947141448240e+03
4.775466833863221837e+03
4.774970522869703927e+03
4.774474014160893603e+03
4.773977307736790863e+03
4.773480403597396617e+03
4.772983301742709955e+03
4.772486002172730878e+03
4.771988504887460294e+03
4.771490809886897296e+03
4.770992917171042791e+03
4.770494826739895871e+03
4.769996538593456535e+03
4.769498052731725693e+03
4.768999369154702435e+03
4.768500487862386763e+03
4.768001408854779584e+03
4.767502132131880899e+03
4.767002657693688889e+03
4.766502985540205373e+03
4.766003115671430351e+03
4.765503048087362913e+03
4.765002782788003060e+03
4.764502319773350791e+03
4.764001659043407017e+03
4.763500800598171736e+03
4.762999744437643130e+03
4.762498490561823019e+03
4.761997038970711401e+03
4.761495389664307368e+03
4.760993542642610919e+03
4.760491497905622055e+03
4.759989255453341684e+03
4.759486815285769808e+03
4.758984177402905516e+03
4.758481341804748808e+03
4.757978308491299686e+03
4.757475077462559057e+03
4.756971648718526012e+03
4.756468022259201462e+03
4.755964198084584496e+03
4.755460176194676023e+03
4.754955956589474226e+03
4.754451539268981833e+03
4.753946924233196114e+03
4.753442111482118889e+03
4.752937101015750159e+03
4.752431892834088103e+03
4.751926486937134541e+03
4.751420883324889473e+03
4.750915081997351990e+03
4.750409082954522091e+03
4.749902886196400686e+03
4.749396491722986866e+03
4.748889899534280630e+03
4.748383109630282888e+03
4.747876122010992731e+03
4.747368936676410158e+03
4.746861553626536079e+03
4.746353972861370494e+03
4.745846194380911584e+03
4.745338218185161168e+03
4.744830044274119246e+03
4.744321672647784908e+03
4.743813103306158155e+03
4.743304336249239896e+03
4.742795371477029221e+03
4.742286208989526131e+03
4.741776848786731534e+03
4.741267290868644523e+03
4.740757535235265095e+03
4.740247581886594162e+03
4.739737430822630813e+03
4.739227082043375958e+03
4.738716535548828688e+03
4.738205791338989002e+03
4.737694849413857810e+03
4.737183709773434202e+03
4.736672372417719089e+03
4.736160837346711560e+03
4.735649104560411615e+03
4.735137174058820165e+03
4.734625045841936299e+03
4.734112719909760926e+03
4.733600196262292229e+03
4.733087474899532936e+03
4.732574555821480317e+03
4.732061439028136192e+03
4.731548124519500561e+03
4.731034612295571606e+03
4.730520902356351144e+03
4.730006994701839176e+03
4.729492889332034792e+03
4.728978586246937994e+03
4.728464085446549689e+03
4.727949386930868968e+03
4.727434490699895832e+03
4.726919396753631190e+03
4.726404105092074133e+03
4.725888615715225569e+03
4.725372928623084590e+03
4.724857043815651195e+03
4.724340961292926295e+03
4.723824681054908979e+03
4.723308203101599247e+03
4.722791527432998009e+03
4.722274654049105266e+03
4.721757582949919197e+03
4.721240314135441622e+03
4.720722847605672541e+03
4.720205183360610135e+03
4.719687321400256224e+03
4.719169261724610806e+03
4.718651004333672972e+03
4.718132549227442723e+03
4.717613896405920968e+03
4.717095045869106798e+03
4.716575997617000212e+03
4.716056751649602120e+03
4.715537307966911612e+03
4.715017666568929599e+03
4.714497827455655170e+03
4.713977790627088325e+03
4.713457556083229974e+03
4.712937123824079208e+03
4.712416493849636936e+03
4.711895666159902248e+03
4.711374640754875145e+03
4.710853417634555626e+03
4.710331996798945511e+03
4.709810378248042070e+03
4.709288561981847124e+03
4.708766548000359762e+03
4.708244336303579985e+03
4.707721926891508701e+03
4.707199319764145912e+03
4.706676514921489797e+03
4.706153512363542177e+03
4.705630312090303050e+03
4.705106914101771508e+03
4.704583318397947551e+03
4.704059524978832087e+03
4.703535533844424208e+03
4.703011344994723913e+03
4.702486958429732113e+03
4.701962374149447896e+03
4.701437592153871265e+03
4.700912612443003127e+03
4.700387435016842574e+03
4.699862059875390514e+03
4.699336487018646039e+03
4.698810716446610058e+03
4.698284748159280753e+03
4.697758582156660850e+03
4.697232218438747623e+03
4.696705657005542889e+03
4.696178897857045740e+03
4.695651940993257085e+03
4.695124786414176015e+03
4.694597434119803438e+03
4.694069884110138446e+03
4.693542136385181038e+03
4.693014190944931215e+03
4.692486047789389886e+03
4.691957706918557051e+03
4.691429168332431800e+03
4.690900432031014134e+03
4.690371498014304052e+03
4.689842366282302464e+03
4.689313036835008461e+03
4.688783509672422952e+03
4.688253784794545027e+03
4.687723862201375596e+03
4.687193741892912840e+03
4.686663423869159487e+03
4.686132908130112810e+03
4.685602194675774626e+03
4.685071283506144937e+03
4.684540174621221922e+03
4.684008868021007402e+03
4.683477363705501375e+03
4.682945661674702933e+03
4.682413761928612075e+03
4.681881664467229712e+03
4.681349369290554932e+03
4.680816876398587738e+03
4.680284185791329037e+03
4.679751297468777921e+03
4.679218211430935298e+03
4.678684927677799351e+03
4.678151446209372807e+03
4.677617767025652938e+03
4.677083890126642473e+03
4.676549815512338682e+03
4.676015543182743386e+03
4.675481073137855674e+03
4.674946405377676456e+03
4.674411539902204822e+03
4.673876476711440773e+03
4.673341215805385218e+03
4.672805757184037247e+03
4.672270100847396861e+03
4.671734246795464969e+03
4.671198195028241571e+03
4.670661945545724848e+03
4.670125498347916619e+03
4.669588853434816883e+03
4.669052010806423823e+03
4.668514970462740166e+03
4.667977732403763184e+03
4.667440296629494696e+03
4.666902663139933793e+03
4.666364831935081384e+03
4.665826803014936559e+03
4.665288576379500228e+03
4.664750152028771481e+03
4.664211529962750319e+03
4.663672710181436742e+03
4.663133692684831658e+03
4.662594477472935068e+03
4.662055064545746063e+03
4.661515453903264643e+03
4.660975645545490806e+03
4.660435639472425464e+03
4.659895435684067706e+03
4.659355034180418443e+03
4.658814434961476763e+03
4.658273638027243578e+03
4.657732643377717068e+03
4.657191451012899961e+03
4.656650060932789529e+03
4.656108473137387591e+03
4.655566687626693238e+03
4.655024704400707378e+03
4.654482523459429103e+03
4.653940144802859322e+03
4.653397568430997126e+03
4.652854794343842514e+03
4.652311822541396396e+03
4.651768653023656952e+03
4.651225285790626913e+03
4.650681720842304458e+03
4.650137958178689587e+03
4.649593997799782301e+03
4.649049839705583508e+03
4.648505483896093210e+03
4.647960930371309587e+03
4.647416179131234458e+03
4.646871230175867822e+03
4.646326083505208771e+03
4.645780739119257305e+03
4.645235197018013423e+03
4.644689457201478035e+03
4.644143519669651141e+03
4.643597384422531832e+03
4.643051051460120107e+03
4.642504520782415966e+03
4.641957792389420320e+03
4.641410866281132257e+03
4.640863742457552689e+03
4.640316420918680706e+03
4.639768901664516306e+03
4.639221184695060401e+03
4.638673270010312081e+03
4.638125157610272254e+03
4.637576847494940012e+03
4.637028339664315354e+03
4.636479634118399190e+03
4.635930730857190611e+03
4.635381629880689616e+03
4.634832331188897115e+03
4.634282834781812198e+03
4.633733140659435776e+03
4.633183248821766938e+03
4.632633159268805684e+03
4.632082872000552925e+03
4.631532387017007750e+03
4.630981704318171069e+03
4.630430823904041972e+03
4.629879745774620460e+03
4.629328469929907442e+03
4.628776996369902008e+03
4.628225325094604159e+03
4.627673456104014804e+03
4.627121389398133033e+03
4.626569124976959756e+03
4.626016662840494064e+03
4.625464002988735956e+03
4.624911145421686342e+03
4.624358090139344313e+03
4.623804837141709868e+03
4.623251386428783917e+03
4.622697738000565550e+03
4.622143891857055678e+03
4.621589847998253390e+03
4.621035606424158686e+03
4.620481167134772477e+03
4.619926530130093852e+03
4.619371695410123721e+03
4.618816662974861174e+03
4.618261432824306212e+03
4.617706004958459744e+03
4.617150379377320860e+03
4.616594556080889561e+03
4.616038535069166755e+03
4.615482316342151535e+03
4.614925899899844808e+03
4.614369285742245665e+03
4.613812473869354108e+03
4.613255464281171044e+03
4.612698256977695564e+03
4.612140851958928579e+03
4.611583249224868268e+03
4.611025448775517361e+03
4.610467450610873129e+03
4.609909254730937391e+03
4.609350861135710147e+03
4.608792269825190488e+03
4.608233480799378412e+03
4.607674494058273922e+03
4.607115309601877925e+03
4.606555927430190422e+03
4.605996347543209595e+03
4.605436569940937261e+03
4.604876594623373421e+03
4.604316421590517166e+03
4.603756050842368495e+03
4.603195482378927409e+03
4.602634716200194816e+03
4.602073752306170718e+03
4.601512590696854204e+03
4.600951231372245275e+03
4.600389674332343930e+03
4.599827919577151079e+03
4.599265967106665812e+03
4.598703816920889039e+03
4.598141469019819851e+03
4.597578923403458248e+03
4.597016180071805138e+03
4.596453239024860522e+03
4.595890100262622582e+03
4.595326763785093135e+03
4.594763229592271273e+03
4.594199497684157905e+03
4.593635568060752121e+03
4.593071440722054831e+03
4.592507115668064216e+03
4.591942592898783005e+03
4.591377872414208468e+03
4.590812954214342426e+03
4.590247838299184878e+03
4.589682524668734004e+03
4.589117013322992534e+03
4.588551304261957739e+03
4.587985397485631438e+03
4.587419292994012721e+03
4.586852990787102499e+03
4.586286490864899861e+03
4.585719793227404807e+03
4.585152897874618247e+03
4.584585804806540182e+03
4.584018514023168791e+03
4.583451025524505894e+03
4.582883339310550582e+03
4.582315455381303764e+03
4.581747373736764530e+03
4.581179094376933790e+03
4.580610617301810635e+03
4.580041942511395064e+03
4.579473070005687987e+03
4.578903999784688494e+03
4.578334731848396586e+03
4.577765266196813172e+03
4.577195602829937343e+03
4.576625741747769098e+03
4.576055682950309347e+03
4.575485426437558090e+03
4.574914972209513508e+03
4.574344320266177419e+03
4.573773470607549825e+03
4.573202423233629816e+03
4.572631178144417390e+03
4.572059735339913459e+03
4.571488094820117112e+03
4.570916256585028350e+03
4.570344220634648082e+03
4.569771986968975398e+03
4.569199555588010298e+03
4.568626926491753693e+03
4.568054099680204672e+03
4.567481075153364145e+03
4.566907852911231203e+03
4.566334432953805845e+03
4.565760815281088981e+03
4.565186999893079701e+03
4.564612986789778915e+03
4.564038775971185714e+03
4.563464367437300098e+03
4.562889761188122975e+03
4.562314957223653437e+03
4.561739955543892393e+03
4.561164756148838023e+03
4.560589359038493058e+03
4.560013764212854767e+03
4.559437971671924970e+03
4.558861981415703667e+03
4.558285793444189039e+03
4.557709407757383815e+03
4.557132824355285265e+03
4.556556043237895210e+03
4.555979064405212739e+03
4.555401887857238762e+03
4.554824513593972370e+03
4.554246941615413562e+03
4.553669171921563247e+03
4.553091204512420518e+03
4.552513039387986282e+03
4.551934676548259631e+03
4.551356115993240564e+03
4.550777357722929992e+03
4.550198401737327004e+03
4.549619248036432509e+03
4.549039896620244690e+03
4.548460347488766274e+03
4.547880600641994533e+03
4.547300656079931287e+03
4.546720513802576534e+03
4.546140173809928456e+03
4.545559636101989781e+03
4.544978900678757782e+03
4.544397967540234276e+03
4.543816836686418355e+03
4.543235508117310928e+03
4.542653981832911086e+03
4.542072257833219737e+03
4.541490336118235064e+03
4.540908216687959793e+03
4.540325899542391198e+03
4.539743384681531097e+03
4.539160672105379490e+03
4.538577761813934558e+03
4.537994653807198119e+03
4.537411348085170175e+03
4.536827844647849815e+03
4.536244143495237040e+03
4.535660244627332759e+03
4.535076148044136062e+03
4.534491853745646949e+03
4.533907361731866331e+03
4.533322672002793297e+03
4.532737784558428757e+03
4.532152699398771801e+03
4.531567416523822430e+03
4.530981935933581553e+03
4.530396257628048261e+03
4.529810381607222553e+03
4.529224307871105339e+03
4.528638036419695709e+03
4.528051567252994573e+03
4.527464900371001022e+03
4.526878035773715055e+03
4.526290973461137582e+03
4.525703713433267694e+03
4.525116255690106300e+03
4.524528600231652490e+03
4.523940747057906265e+03
4.523352696168867624e+03
4.522764447564538386e+03
4.522176001244915824e+03
4.521587357210001755e+03
4.520998515459795271e+03
4.520409475994297281e+03
4.519820238813506876e+03
4.519230803917424055e+03
4.518641171306049728e+03
4.518051340979382985e+03
4.517461312937423827e+03
4.516871087180173163e+03
4.516280663707630083e+03
4.515690042519795497e+03
4.515099223616668496e+03
4.514508206998249079e+03
4.513916992664538157e+03
4.513325580615534818e+03
4.512733970851239974e+03
4.512142163371652714e+03
4.511550158176773039e+03
4.510957955266601857e+03
4.510365554641138260e+03
4.509772956300382248e+03
4.509180160244334729e+03
4.508587166472994795e+03
4.507993974986363355e+03
4.507400585784439500e+03
4.506806998867223228e+03
4.506213214234715451e+03
4.505619231886915259e+03
4.505025051823822650e+03
4.504430674045438536e+03
4.503836098551762916e+03
4.503241325342793971e+03
4.502646354418533519e+03
4.502051185778981562e+03
4.501455819424136280e+03
4.500860255354000401e+03
4.500264493568571197e+03
4.499668534067850487e+03
4.499072376851837362e+03
4.498476021920532730e+03
4.497879469273935683e+03
4.497282718912047130e+03
4.496685770834865252e+03
4.496088625042392778e+03
4.495491281534626978e+03
4.494893740311569672e+03
4.494296001373220861e+03
4.493698064719578724e+03
4.493099930350645081e+03
4.492501598266419933e+03
4.491903068466902369e+03
4.491304340952092389e+03
4.490705415721990903e+03
4.490106292776597002e+03
4.489506972115910685e+03
4.488907453739932862e+03
4.488307737648662624e+03
4.487707823842100879e+03
4.487107712320246719e+03
4.486507403083100144e+03
4.485906896130662062e+03
4.485306191462931565e+03
4.484705289079908653e+03
4.484104188981594234e+03
4.483502891167987400e+03
4.482901395639089060e+03
4.482299702394898304e+03
4.481697811435415133e+03
4.481095722760640456e+03
4.480493436370573363e+03
4.479890952265214764e+03
4.479288270444563750e+03
4.478685390908620320e+03
4.478082313657385384e+03
4.477479038690858033e+03
4.476875566009038266e+03
4.476271895611926993e+03
4.475668027499523305e+03
4.475063961671828110e+03
4.474459698128840500e+03
4.473855236870560475e+03
4.473250577896988943e+03
4.472645721208124996e+03
4.472040666803968634e+03
4.471435414684520765e+03
4.470829964849781391e+03
4.470224317299748691e+03
4.469618472034424485e+03
4.469012429053808773e+03
4.468406188357899737e+03
4.467799749946700103e+03
4.467193113820207145e+03
4.466586279978422681e+03
4.465979248421345801e+03
4.465372019148977415e+03
4.464764592161316614e+03
4.464156967458364306e+03
4.463549145040118674e+03
4.462941124906582445e+03
4.462332907057752891e+03
4.461724491493631831e+03
4.461115878214219265e+03
4.460507067219513374e+03
4.459898058509515977e+03
4.459288852084227074e+03
4.458679447943645755e+03
4.458069846087772021e+03
4.457460046516606781e+03
4.456850049230149125e+03
4.456239854228399054e+03
4.455629461511357476e+03
4.455018871079023484e+03
4.454408082931397985e+03
4.453797097068480070e+03
4.453185913490269741e+03
4.452574532196767905e+03
4.451962953187973653e+03
4.451351176463886986e+03
4.450739202024508813e+03
4.450127029869838225e+03
4.449514659999876130e+03
4.448902092414621620e+03
4.448289327114074695e+03
4.447676364098236263e+03
4.447063203367105416e+03
4.446449844920683063e+03
4.445836288758968294e+03
4.445222534881961110e+03
4.444608583289662420e+03
4.443994433982071314e+03
4.443380086959187793e+03
4.442765542221012765e+03
4.442150799767545323e+03
4.441535859598786374e+03
4.440920721714735009e+03
4.440305386115391229e+03
4.439689852800755943e+03
4.439074121770828242e+03
4.438458193025608125e+03
4.437842066565096502e+03
4.437225742389292463e+03
4.436609220498196919e+03
4.435992500891808959e+03
4.435375583570128583e+03
4.434758468533156702e+03
4.434141155780892404e+03
4.433523645313336601e+03
4.432905937130488383e+03
4.432288031232347748e+03
4.431669927618915608e+03
4.431051626290191052e+03
4.430433127246174081e+03
4.429814430486865604e+03
4.429195536012264711e+03
4.428576443822372312e+03
4.427957153917187497e+03
4.427337666296710267e+03
4.426717980960941532e+03
4.426098097909880380e+03
4.425478017143527723e+03
4.424857738661882649e+03
4.424237262464945161e+03
4.423616588552715257e+03
4.422995716925193847e+03
4.422374647582380931e+03
4.421753380524275599e+03
4.421131915750877852e+03
4.420510253262187689e+03
4.419888393058206020e+03
4.419266335138932845e+03
4.418644079504366346e+03
4.418021626154508340e+03
4.417398975089358828e+03
4.416776126308916901e+03
4.416153079813182558e+03
4.415529835602156709e+03
4.414906393675838444e+03
4.414282754034227764e+03
4.413658916677325578e+03
4.413034881605130977e+03
4.412410648817643960e+03
4.411786218314865437e+03
4.411161590096795408e+03
4.410536764163432053e+03
4.409911740514777193e+03
4.409286519150830827e+03
4.408661100071591136e+03
4.408035483277060848e+03
4.407409668767237235e+03
4.406783656542122117e+03
4.406157446601715492e+03
4.405531038946015542e+03
4.404904433575024086e+03
4.404277630488741124e+03
4.403650629687165747e+03
4.403023431170297954e+03
4.402396034938138655e+03
4.401768440990686940e+03
4.401140649327942810e+03
4.400512659949907174e+03
4.399884472856579123e+03
4.399256088047958656e+03
4.398627505524046683e+03
4.397998725284843204e+03
4.397369747330346399e+03
4.396740571660558089e+03
4.396111198275478273e+03
4.395481627175106041e+03
4.394851858359441394e+03
4.394221891828484331e+03
4.393591727582235762e+03
4.392961365620695688e+03
4.392330805943862288e+03
4.391700048551738291e+03
4.391069093444320970e+03
4.390437940621612142e+03
4.389806590083610899e+03
4.389175041830318150e+03
4.388543295861732986e+03
4.387911352177855406e+03
4.387279210778686320e+03
4.386646871664224818e+03
4.386014334834471811e+03
4.385381600289426387e+03
4.384748668029088549e+03
4.384115538053459204e+03
4.383482210362537444e+03
4.382848684956323268e+03
4.382214961834817586e+03
4.381581040998019489e+03
4.380946922445929886e+03
4.380312606178547867e+03
4.379678092195873433e+03
4.379043380497907492e+03
4.378408471084649136e+03
4.377773363956099274e+03
4.377138059112256997e+03
4.376502556553122304e+03
4.375866856278695195e+03
4.375230958288977490e+03
4.374594862583966460e+03
4.373958569163663924e+03
4.373322078028068972e+03
4.372685389177182515e+03
4.372048502611002732e+03
4.371411418329532353e+03
4.370774136332768649e+03
4.370136656620714348e+03
4.369498979193366722e+03
4.368861104050727590e+03
4.368223031192796043e+03
4.367584760619572990e+03
4.366946292331057521e+03
4.366307626327249636e+03
4.365668762608150246e+03
4.365029701173758440e+03
4.364390442024074218e+03
4.363750985159098491e+03
4.363111330578831257e+03
4.362471478283270699e+03
4.361831428272418634e+03
4.361191180546275064e+03
4.360550735104839077e+03
4.359910091948110676e+03
4.359269251076089859e+03
4.358628212488778445e+03
4.357986976186173706e+03
4.357345542168277461e+03
4.356703910435088801e+03
4.356062080986607725e+03
4.355420053822835143e+03
4.354777828943770146e+03
4.354135406349413643e+03
4.353492786039764724e+03
4.352849968014823389e+03
4.352206952274590549e+03
4.351563738819065293e+03
4.350920327648248531e+03
4.350276718762139353e+03
4.349632912160737760e+03
4.348988907844044661e+03
4.348344705812059146e+03
4.347700306064781216e+03
4.347055708602211780e+03
4.346410913424349928e+03
4.345765920531196571e+03
4.345120729922750797e+03
4.344475341599012609e+03
4.343829755559982914e+03
4.343183971805660804e+03
4.342537990336047187e+03
4.341891811151141155e+03
4.341245434250942708e+03
4.340598859635451845e+03
4.339952087304669476e+03
4.339305117258595601e+03
4.338657949497229311e+03
4.338010584020570604e+03
4.337363020828619483e+03
4.336715259921376855e+03
4.336067301298842722e+03
4.335419144961015263e+03
4.334770790907896298e+03
4.334122239139485828e+03
4.333473489655782942e+03
4.332824542456787640e+03
4.332175397542500832e+03
4.331526054912921609e+03
4.330876514568049970e+03
4.330226776507886825e+03
4.329576840732431265e+03
4.328926707241683289e+03
4.328276376035643807e+03
4.327625847114312819e+03
4.326975120477688506e+03
4.326324196125772687e+03
4.325673074058565362e+03
4.325021754276065622e+03
4.324370236778273465e+03
4.323718521565188894e+03
4.323066608636812816e+03
4.322414497993145233e+03
4.321762189634184324e+03
4.321109683559932819e+03
4.320456979770387989e+03
4.319804078265551652e+03
4.319150979045422901e+03
4.318497682110002643e+03
4.317844187459289969e+03
4.317190495093284881e+03
4.316536605011988286e+03
4.315882517215399275e+03
4.315228231703518759e+03
4.314573748476344917e+03
4.313919067533880479e+03
4.313264188876122716e+03
4.312609112503074357e+03
4.311953838414732672e+03
4.311298366611099482e+03
4.310642697092173876e+03
4.309986829857956764e+03
4.309330764908447236e+03
4.308674502243645293e+03
4.308018041863551844e+03
4.307361383768165979e+03
4.306704527957487699e+03
4.306047474431517912e+03
4.305390223190255711e+03
4.304732774233702003e+03
4.304075127561855879e+03
4.303417283174718250e+03
4.302759241072287296e+03
4.302101001254564835e+03
4.301442563721550869e+03
4.300783928473244487e+03
4.300125095509645689e+03
4.299466064830755386e+03
4.298806836436572667e+03
4.298147410327097532e+03
4.297487786502330891e+03
4.296827964962272745e+03
4.296167945706921273e+03
4.295507728736278295e+03
4.294847314050342902e+03
4.294186701649116003e+03
4.293525891532596688e+03
4.292864883700785867e+03
4.292203678153682631e+03
4.291542274891286979e+03
4.290880673913599821e+03
4.290218875220620248e+03
4.289556878812348259e+03
4.288894684688784764e+03
4.288232292849928854e+03
4.287569703295781437e+03
4.286906916026341605e+03
4.286243931041609358e+03
4.285580748341585604e+03
4.284917367926269435e+03
4.284253789795660850e+03
4.283590013949760760e+03
4.282926040388569163e+03
4.282261869112084241e+03
4.281597500120307814e+03
4.280932933413239880e+03
4.280268168990878621e+03
4.279603206853225856e+03
4.278938047000281585e+03
4.278272689432044899e+03
4.277607134148515797e+03
4.276941381149695189e+03
4.276275430435582166e+03
4.275609282006176727e+03
4.274942935861479782e+03
4.274276392001490422e+03
4.273609650426209555e+03
4.272942711135636273e+03
4.272275574129770575e+03
4.271608239408613372e+03
4.270940706972163753e+03
4.270272976820422627e+03
4.269605048953388177e+03
4.268936923371063131e+03
4.268268600073444759e+03
4.267600079060535791e+03
4.266931360332333497e+03
4.266262443888839698e+03
4.265593329730053483e+03
4.264924017855974853e+03
4.264254508266604716e+03
4.263584800961943074e+03
4.262914895941988107e+03
4.262244793206741633e+03
4.261574492756203654e+03
4.260903994590373259e+03
4.260233298709250448e+03
4.259562405112836132e+03
4.258891313801128490e+03
4.258220024774130252e+03
4.257548538031839598e+03
4.256876853574256529e+03
4.256204971401381044e+03
4.255532891513214054e+03
4.254860613909754647e+03
4.254188138591003735e+03
4.253515465556960407e+03
4.252842594807625574e+03
4.252169526342997415e+03
4.251496260163077750e+03
4.250822796267866579e+03
4.250149134657362993e+03
4.249475275331566991e+03
4.248801218290479483e+03
4.248126963534099559e+03
4.247452511062428130e+03
4.246777860875463375e+03
4.246103012973208024e+03
4.245427967355659348e+03
4.244752724022819166e+03
4.244077282974687478e+03
4.243401644211262465e+03
4.242725807732546855e+03
4.242049773538537920e+03
4.241373541629237479e+03
4.240697112004644623e+03
4.240020484664760261e+03
4.239343659609583483e+03
4.238666636839114290e+03
4.237989416353353590e+03
4.237311998152301385e+03
4.236634382235955854e+03
4.235956568604318818e+03
4.235278557257389366e+03
4.234600348195168408e+03
4.233921941417655034e+03
4.233243336924850155e+03
4.232564534716752860e+03
4.231885534793363149e+03
4.231206337154681023e+03
4.230526941800708300e+03
4.229847348731442253e+03
4.229167557946884699e+03
4.228487569447034730e+03
4.227807383231892345e+03
4.227126999301458454e+03
4.226446417655733057e+03
4.225765638294714336e+03
4.225084661218404108e+03
4.224403486426802374e+03
4.223722113919908224e+03
4.223040543697721660e+03
4.222358775760243589e+03
4.221676810107472193e+03
4.220994646739410200e+03
4.220312285656054883e+03
4.219629726857408968e+03
4.218946970343469729e+03
4.218264016114238984e+03
4.217580864169715824e+03
4.216897514509901157e+03
4.216213967134794075e+03
4.215530222044394577e+03
4.214846279238703573e+03
4.214162138717720154e+03
4.213477800481445229e+03
4.212793264529877888e+03
4.212108530863018132e+03
4.211423599480866869e+03
4.210738470383423191e+03
4.210053143570687098e+03
4.209367619042659499e+03
4.208681896799340393e+03
4.207995976840727963e+03
4.207309859166824026e+03
4.206623543777628583e+03
4.205937030673139816e+03
4.205250319853359542e+03
4.204563411318287763e+03
4.203876305067923568e+03
4.203189001102266957e+03
4.202501499421318840e+03
4.201813800025078308e+03
4.201125902913545360e+03
4.200437808086720906e+03
4.199749515544604037e+03
4.199061025287195662e+03
4.198372337314494871e+03
4.197683451626501665e+03
4.196994368223216952e+03
4.196305087104639824e+03
4.195615608270771190e+03
4.194925931721609231e+03
4.194236057457155766e+03
4.193545985477410795e+03
4.192855715782373409e+03
4.192165248372044516e+03
4.191474583246422299e+03
4.190783720405508575e+03
4.190092659849303345e+03
4.189401401577805700e+03
4.188709945591015639e+03
4.188018291888934073e+03
4.187326440471560090e+03
4.186634391338893693e+03
4.185942144490935789e+03
4.185249699927686379e+03
4.184557057649143644e+03
4.183864217655309403e+03
4.183171179946182747e+03
4.182477944521764584e+03
4.181784511382054006e+03
4.181090880527051922e+03
4.180397051956757423e+03
4.179703025671170508e+03
4.179008801670292087e+03
4.178314379954121250e+03
4.177619760522657998e+03
4.176924943375903240e+03
4.176229928513856066e+03
4.175534715936517387e+03
4.174839305643885382e+03
4.174143697635962781e+03
4.173447891912746854e+03
4.172751888474240332e+03
4.172055687320440484e+03
4.171359288451349130e+03
4.170662691866965361e+03
4.169965897567290085e+03
4.169268905552322394e+03
4.168571715822062288e+03
4.167874328376510675e+03
4.167176743215666647e+03
4.166478960339531113e+03
4.165780979748102254e+03
4.165082801441382799e+03
4.164384425419370018e+03
4.163685851682065731e+03
4.162987080229469939e+03
4.162288111061581731e+03
4.161588944178401107e+03
4.160889579579928068e+03
4.160190017266163522e+03
4.159490257237107471e+03
4.158790299492758095e+03
4.158090144033117213e+03
4.157389790858184824e+03
4.156689239967960020e+03
4.155988491362442801e+03
4.155287545041634075e+03
4.154586401005532935e+03
4.153885059254139378e+03
4.153183519787454316e+03
4.152481782605476837e+03
4.151779847708206944e+03
4.151077715095645544e+03
4.150375384767792639e+03
4.149672856724646408e+03
4.148970130966208671e+03
4.148267207492479429e+03
4.147564086303457771e+03
4.146860767399143697e+03
4.146157250779537208e+03
4.145453536444640122e+03
4.144749624394449711e+03
4.144045514628967794e+03
4.143341207148193462e+03
4.142636701952126714e+03
4.141931999040768460e+03
4.141227098414117791e+03
4.140522000072175615e+03
4.139816704014941024e+03
4.139111210242414018e+03
4.138405518754595505e+03
4.137699629551484577e+03
4.136993542633082143e+03
4.136287257999387293e+03
4.135580775650400028e+03
4.134874095586121257e+03
4.134167217806550070e+03
4.133460142311686468e+03
4.132752869101531360e+03
4.132045398176083836e+03
4.131337729535344806e+03
4.130629863179313361e+03
4.129921799107989500e+03
4.129213537321374133e+03
4.128505077819466351e+03
4.127796420602267062e+03
4.127087565669775358e+03
4.126378513021991239e+03
4.125669262658915613e+03
4.124959814580546663e+03
4.124250168786887116e+03
4.123540325277935153e+03
4.122830284053690775e+03
4.122120045114153982e+03
4.121409608459325682e+03
4.120698974089205876e+03
4.119988142003792746e+03
4.119277112203089018e+03
4.118565884687091966e+03
4.117854459455803408e+03
4.117142836509222434e+03
4.116431015847349954e+03
4.115718997470185059e+03
4.115006781377727748e+03
4.114294367569978931e+03
4.113581756046937699e+03
4.112868946808604960e+03
4.112155939854979806e+03
4.111442735186062237e+03
4.110729332801853161e+03
4.110015732702351670e+03
4.109301934887557763e+03
4.108587939357472351e+03
4.107873746112094523e+03
4.107159355151425189e+03
4.106444766475462529e+03
4.105729980084209274e+03
4.105014995977662693e+03
4.104299814155825516e+03
4.103584434618695013e+03
4.102868857366273005e+03
4.102153082398558581e+03
4.101437109715552651e+03
4.100720939317254306e+03
4.100004571203663545e+03
4.099288005374781278e+03
4.098571241830606596e+03
4.097854280571140407e+03
4.097137121596381803e+03
4.096419764906330784e+03
4.095702210500988258e+03
4.094984458380353317e+03
4.094266508544425960e+03
4.093548360993207098e+03
4.092830015726695819e+03
4.092111472744893035e+03
4.091392732047797836e+03
4.090673793635410220e+03
4.089954657507731099e+03
4.089235323664759562e+03
4.088515792106496065e+03
4.087796062832940606e+03
4.087076135844093187e+03
4.086356011139953353e+03
4.085635688720521557e+03
4.084915168585797801e+03
4.084194450735782084e+03
4.083473535170473951e+03
4.082752421889873858e+03
4.082031110893981804e+03
4.081309602182797789e+03
4.080587895756321359e+03
4.079865991614552968e+03
4.079143889757492616e+03
4.078421590185140303e+03
4.077699092897495575e+03
4.076976397894558886e+03
4.076253505176330236e+03
4.075530414742809626e+03
4.074807126593997054e+03
4.074083640729892068e+03
4.073359957150495120e+03
4.072636075855805757e+03
4.071911996845824888e+03
4.071187720120551603e+03
4.070463245679986358e+03
4.069738573524129606e+03
4.069013703652979984e+03
4.068288636066538857e+03
4.067563370764804858e+03
4.066837907747779354e+03
4.066112247015461890e+03
4.065386388567852009e+03
4.064660332404950623e+03
4.063934078526756821e+03
4.063207626933271058e+03
4.062480977624492880e+03
4.061754130600422741e+03
4.061027085861060641e+03
4.060299843406406580e+03
4.059572403236460559e+03
4.058844765351222122e+03
4.058116929750691725e+03
4.057388896434869366e+03
4.056660665403755047e+03
4.055932236657348312e+03
4.055203610195649617e+03
4.054474786018658961e+03
4.053745764126376343e+03
4.053016544518801311e+03
4.052287127195934318e+03
4.051557512157775363e+03
4.050827699404324449e+03
4.050097688935581118e+03
4.049367480751546282e+03
4.048637074852218575e+03
4.047906471237599362e+03
4.047175669907688189e+03
4.046444670862484600e+03
4.045713474101989050e+03
4.044982079626201539e+03
4.044250487435121613e+03
4.043518697528750181e+03
4.042786709907086333e+03
4.042054524570130525e+03
4.041322141517882301e+03
4.040589560750342571e+03
4.039856782267510425e+03
4.039123806069386319e+03
4.038390632155969797e+03
4.037657260527261769e+03
4.036923691183261326e+03
4.036189924123968922e+03
4.035455959349384557e+03
4.034721796859507776e+03
4.033987436654339490e+03
4.033252878733878788e+03
4.032518123098126125e+03
4.031783169747081047e+03
4.031048018680744462e+03
4.030312669899115463e+03
4.029577123402194047e+03
4.028841379189981126e+03
4.028105437262475789e+03
4.027369297619678946e+03
4.026632960261589687e+03
4.025896425188208013e+03
4.025159692399534833e+03
4.024422761895569238e+03
4.023685633676311681e+03
4.022948307741761710e+03
4.022210784091920232e+03
4.021473062726786338e+03
4.020735143646360484e+03
4.019997026850642669e+03
4.019258712339632439e+03
4.018520200113330702e+03
4.017781490171736550e+03
4.017042582514850437e+03
4.016303477142671909e+03
4.015564174055201875e+03
4.014824673252439425e+03
4.014084974734384559e+03
4.013345078501038188e+03
4.012604984552399401e+03
4.011864692888469108e+03
4.011124203509246399e+03
4.010383516414731275e+03
4.009642631604924645e+03
4.008901549079825600e+03
4.008160268839434593e+03
4.007418790883751626e+03
4.006677115212776243e+03
4.005935241826508900e+03
4.005193170724949596e+03
4.004450901908098785e+03
4.003708435375955105e+03
4.002965771128519464e+03
4.002222909165791862e+03
4.001479849487772299e+03
4.000736592094460775e+03
3.999993136985856836e+03
3.999249484161960936e+03
3.998505633622773075e+03
3.997761585368293254e+03
3.997017339398521472e+03
3.996272895713456819e+03
3.995528254313100661e+03
3.994783415197452541e+03
3.994038378366512461e+03
3.993293143820279965e+03
3.992547711558755509e+03
3.991802081581939092e+03
3.991056253889830259e+03
3.990310228482429920e+03
3.989564005359737166e+03
3.988817584521752451e+03
3.988070965968475321e+03
3.987324149699906684e+03
3.986577135716045632e+03
3.985829924016892619e+03
3.985082514602447191e+03
3.984334907472710256e+03
3.983587102627680906e+03
3.982839100067359595e+03
3.982090899791745869e+03
3.981342501800840637e+03
3.980593906094642989e+03
3.979845112673153380e+03
3.979096121536371811e+03
3.978346932684297826e+03
3.977597546116932335e+03
3.976847961834274429e+03
3.976098179836324562e+03
3.975348200123082279e+03
3.974598022694548490e+03
3.973847647550722286e+03
3.973097074691603666e+03
3.972346304117193540e+03
3.971595335827490999e+03
3.970844169822496951e+03
3.970092806102210488e+03
3.969341244666631610e+03
3.968589485515761226e+03
3.967837528649598426e+03
3.967085374068143665e+03
3.966333021771396943e+03
3.965580471759357806e+03
3.964827724032026708e+03
3.964074778589403650e+03
3.963321635431488630e+03
3.962568294558281650e+03
3.961814755969782709e+03
3.961061019665990898e+03
3.960307085646907581e+03
3.959552953912532303e+03
3.958798624462864609e+03
3.958044097297904955e+03
3.957289372417653340e+03
3.956534449822109764e+03
3.955779329511274227e+03
3.955024011485145820e+03
3.954268495743725907e+03
3.953512782287014033e+03
3.952756871115010199e+03
3.952000762227713949e+03
3.951244455625125738e+03
3.950487951307245567e+03
3.949731249274072979e+03
3.948974349525608886e+03
3.948217252061852378e+03
3.947459956882803453e+03
3.946702463988463023e+03
3.945944773378830178e+03
3.945186885053905826e+03
3.944428799013689058e+03
3.943670515258179876e+03
3.942912033787379187e+03
3.942153354601286082e+03
3.941394477699900563e+03
3.940635403083223537e+03
3.939876130751254095e+03
3.939116660703993148e+03
3.938356992941439785e+03
3.937597127463594006e+03
3.936837064270456722e+03
3.936076803362027022e+03
3.935316344738305816e+03
3.934555688399291739e+03
3.933794834344986157e+03
3.933033782575388159e+03
3.932272533090498200e+03
3.931511085890316281e+03
3.930749440974842400e+03
3.929987598344076105e+03
3.929225557998017848e+03
3.928463319936667631e+03
3.927700884160025453e+03
3.926938250668091314e+03
3.926175419460864759e+03
3.925412390538345790e+03
3.924649163900535314e+03
3.923885739547432877e+03
3.923122117479038025e+03
3.922358297695351212e+03
3.921594280196372438e+03
3.920830064982101248e+03
3.920065652052538553e+03
3.919301041407683442e+03
3.918536233047536371e+03
3.917771226972096883e+03
3.917006023181365890e+03
3.916240621675342481e+03
3.915475022454026657e+03
3.914709225517419327e+03
3.913943230865519581e+03
3.913177038498328329e+03
3.912410648415844662e+03
3.911644060618068579e+03
3.910877275105000990e+03
3.910110291876640986e+03
3.909343110932989021e+03
3.908575732274045095e+03
3.907808155899809208e+03
3.907040381810280451e+03
3.906272410005460642e+03
3.905504240485348419e+03
3.904735873249943779e+03
3.903967308299247634e+03
3.903198545633258618e+03
3.902429585251978096e+03
3.901660427155405614e+03
3.900891071343540716e+03
3.900121517816383857e+03
3.899351766573935492e+03
3.898581817616194257e+03
3.897811670943161516e+03
3.897041326554836360e+03
3.896270784451219242e+03
3.895500044632310164e+03
3.894729107098108670e+03
3.893957971848615671e+03
3.893186638883829801e+03
3.892415108203752425e+03
3.891643379808383088e+03
3.890871453697721336e+03
3.890099329871767623e+03
3.889327008330521949e+03
3.888554489073984314e+03
3.887781772102154264e+03
3.887008857415032253e+03
3.886235745012618281e+03
3.885462434894912349e+03
3.884688927061914001e+03
3.883915221513623692e+03
3.883141318250041422e+03
3.882367217271167192e+03
3.881592918577001001e+03
3.880818422167542394e+03
3.880043728042791827e+03
3.879268836202749299e+03
3.878493746647414355e+03
3.877718459376787450e+03
3.876942974390868585e+03
3.876167291689657759e+03
3.875391411273154972e+03
3.874615333141359770e+03
3.873839057294272607e+03
3.873062583731893483e+03
3.872285912454222398e+03
3.871509043461258898e+03
3.870731976753003437e+03
3.869954712329456015e+03
3.869177250190616633e+03
3.868399590336484835e+03
3.867621732767061076e+03
3.866843677482345811e+03
3.866065424482337676e+03
3.865286973767038035e+03
3.864508325336445978e+03
3.863729479190561960e+03
3.862950435329385982e+03
3.862171193752918043e+03
3.861391754461157689e+03
3.860612117454105373e+03
3.859832282731761097e+03
3.859052250294124860e+03
3.858272020141196208e+03
3.857491592272975595e+03
3.856710966689463021e+03
3.855930143390658486e+03
3.855149122376561536e+03
3.854367903647172625e+03
3.853586487202491753e+03
3.852804873042518921e+03
3.852023061167254127e+03
3.851241051576696918e+03
3.850458844270847749e+03
3.849676439249706164e+03
3.848893836513273072e+03
3.848111036061547566e+03
3.847328037894530098e+03
3.846544842012220670e+03
3.845761448414619281e+03
3.844977857101725476e+03
3.844194068073539711e+03
3.843410081330061985e+03
3.842625896871292298e+03
3.841841514697230195e+03
3.841056934807876132e+03
3.840272157203230563e+03
3.839487181883292124e+03
3.838702008848062178e+03
3.837916638097539817e+03
3.837131069631725495e+03
3.836345303450619213e+03
3.835559339554220514e+03
3.834773177942529855e+03
3.833986818615547236e+03
3.833200261573272655e+03
3.832413506815706114e+03
3.831626554342847157e+03
3.830839404154696240e+03
3.830052056251253362e+03
3.829264510632518522e+03
3.828476767298491268e+03
3.827688826249172052e+03
3.826900687484560876e+03
3.826112351004657739e+03
3.825323816809462187e+03
3.824535084898975128e+03
3.823746155273195654e+03
3.822957027932124220e+03
3.822167702875760369e+03
3.821378180104104558e+03
3.820588459617156786e+03
3.819798541414917054e+03
3.819008425497385360e+03
3.818218111864561251e+03
3.817427600516445182e+03
3.816636891453037151e+03
3.815845984674337160e+03
3.815054880180344753e+03
3.814263577971060386e+03
3.813472078046484057e+03
3.812680380406615768e+03
3.811888485051455064e+03
3.811096391981002398e+03
3.810304101195257772e+03
3.809511612694221185e+03
3.808718926477892182e+03
3.807926042546271674e+03
3.807132960899358295e+03
3.806339681537153410e+03
3.805546204459656565e+03
3.804752529666867304e+03
3.803958657158786082e+03
3.803164586935412899e+03
3.802370318996747301e+03
3.801575853342790197e+03
3.800781189973540677e+03
3.799986328888999196e+03
3.799191270089165300e+03
3.798396013574039898e+03
3.797600559343622081e+03
3.796804907397912302e+03
3.796009057736910108e+03
3.795213010360616408e+03
3.794416765269030293e+03
3.793620322462152217e+03
3.792823681939982180e+03
3.792026843702520182e+03
3.791229807749765769e+03
3.790432574081719395e+03
3.789635142698381060e+03
3.788837513599750309e+03
3.788039686785828053e+03
3.787241662256613381e+03
3.786443440012106748e+03
3.785645020052307700e+03
3.784846402377216691e+03
3.784047586986834176e+03
3.783248573881159246e+03
3.782449363060191899e+03
3.781649954523933047e+03
3.780850348272381780e+03
3.780050544305538551e+03
3.779250542623402907e+03
3.778450343225975757e+03
3.777649946113256192e+03
3.776849351285244666e+03
3.776048558741941179e+03
3.775247568483345731e+03
3.774446380509457867e+03
3.773644994820278043e+03
3.772843411415806258e+03
3.772041630296042058e+03
3.771239651460986352e+03
3.770437474910638230e+03
3.769635100644998147e+03
3.768832528664065649e+03
3.768029758967841644e+03
3.767226791556325225e+03
3.766423626429516844e+03
3.765620263587416503e+03
3.764816703030023746e+03
3.764012944757339028e+03
3.763208988769362804e+03
3.762404835066093710e+03
3.761600483647533110e+03
3.760795934513680095e+03
3.759991187664535119e+03
3.759186243100098181e+03
3.758381100820369284e+03
3.757575760825347970e+03
3.756770223115034696e+03
3.755964487689429461e+03
3.755158554548532265e+03
3.754352423692342654e+03
3.753546095120861082e+03
3.752739568834087549e+03
3.751932844832022056e+03
3.751125923114664147e+03
3.750318803682014732e+03
3.749511486534072901e+03
3.748703971670838655e+03
3.747896259092312903e+03
3.747088348798494735e+03
3.746280240789384607e+03
3.745471935064982063e+03
3.744663431625288013e+03
3.743854730470301547e+03
3.743045831600023121e+03
3.742236735014453188e+03
3.741427440713590386e+03
3.740617948697436077e+03
3.739808258965988898e+03
3.738998371519250213e+03
3.738188286357219567e+03
3.737378003479896506e+03
3.736567522887281484e+03
3.735756844579374956e+03
3.734945968556176012e+03
3.734134894817684653e+03
3.733323623363901334e+03
3.732512154194826053e+03
3.731700487310458811e+03
3.730888622710799609e+03
3.730076560395847991e+03
3.729264300365604413e+03
3.728451842620068419e+03
3.727639187159240919e+03
3.726826333983121003e+03
3.726013283091709127e+03
3.725200034485005745e+03
3.724386588163009492e+03
3.723572944125721733e+03
3.722759102373141559e+03
3.721945062905269424e+03
3.721130825722105328e+03
3.720316390823648817e+03
3.719501758209900345e+03
3.718686927880859912e+03
3.717871899836527518e+03
3.717056674076902709e+03
3.716241250601986394e+03
3.715425629411777663e+03
3.714609810506276517e+03
3.713793793885483865e+03
3.712977579549398797e+03
3.712161167498022223e+03
3.711344557731352779e+03
3.710527750249391829e+03
3.709710745052138464e+03
3.708893542139593592e+03
3.708076141511755850e+03
3.707258543168626602e+03
3.706440747110204939e+03
3.705622753336491769e+03
3.704804561847486184e+03
3.703986172643188183e+03
3.703167585723598677e+03
3.702348801088716755e+03
3.701529818738542872e+03
3.700710638673077028e+03
3.699891260892319224e+03
3.699071685396268549e+03
3.698251912184926823e+03
3.697431941258292682e+03
3.696611772616366125e+03
3.695791406259148062e+03
3.694970842186637128e+03
3.694150080398834689e+03
3.693329120895740289e+03
3.692507963677353473e+03
3.691686608743675151e+03
3.690865056094704414e+03
3.690043305730441716e+03
3.689221357650886603e+03
3.688399211856039528e+03
3.687576868345900493e+03
3.686754327120469497e+03
3.685931588179746541e+03
3.685108651523731169e+03
3.684285517152423836e+03
3.683462185065824542e+03
3.682638655263932833e+03
3.681814927746749163e+03
3.680991002514273987e+03
3.680166879566506395e+03
3.679342558903446388e+03
3.678518040525094875e+03
3.677693324431450947e+03
3.676868410622514602e+03
3.676043299098287207e+03
3.675217989858766941e+03
3.674392482903954715e+03
3.673566778233850528e+03
3.672740875848454380e+03
3.671914775747765816e+03
3.671088477931785746e+03
3.670261982400513261e+03
3.669435289153948361e+03
3.668608398192091954e+03
3.667781309514943132e+03
3.666954023122502349e+03
3.666126539014769605e+03
3.665298857191744901e+03
3.664470977653427781e+03
3.663642900399818700e+03
3.662814625430917658e+03
3.661986152746724656e+03
3.661157482347239238e+03
3.660328614232461860e+03
3.659499548402392520e+03
3.658670284857031220e+03
3.657840823596377959e+03
3.657011164620432282e+03
3.656181307929194190e+03
3.655351253522664592e+03
3.654521001400843033e+03
3.653690551563729059e+03
3.652859904011323124e+03
3.652029058743625228e+03
3.651198015760635371e+03
3.650366775062353099e+03
3.649535336648778866e+03
3.648703700519912672e+03
3.647871866675754518e+03
3.647039835116303948e+03
3.646207605841561417e+03
3.645375178851527380e+03
3.644542554146200473e+03
3.643709731725582060e+03
3.642876711589671231e+03
3.642043493738468442e+03
3.641210078171973691e+03
3.640376464890186526e+03
3.639542653893107399e+03
3.638708645180736312e+03
3.637874438753073264e+03
3.637040034610117800e+03
3.636205432751870831e+03
3.635370633178331445e+03
3.634535635889500099e+03
3.633700440885376338e+03
3.632865048165961070e+03
3.632029457731253387e+03
3.631193669581253744e+03
3.630357683715961684e+03
3.629521500135378119e+03
3.628685118839502138e+03
3.627848539828334196e+03
3.627011763101874294e+03
3.626174788660122431e+03
3.625337616503077697e+03
3.624500246630741458e+03
3.623662679043113712e+03
3.622824913740193097e+03
3.621986950721980520e+03
3.621148789988475983e+03
3.620310431539679485e+03
3.619471875375591026e+03
3.618633121496210151e+03
3.617794169901537316e+03
3.616955020591572520e+03
3.616115673566315763e+03
3.615276128825766591e+03
3.614436386369925458e+03
3.613596446198792364e+03
3.612756308312367310e+03
3.611915972710649839e+03
3.611075439393640863e+03
3.610234708361339472e+03
3.609393779613746119e+03
3.608552653150860351e+03
3.607711328972683077e+03
3.606869807079213388e+03
3.606028087470451283e+03
3.605186170146397671e+03
3.604344055107051645e+03
3.603501742352413657e+03
3.602659231882483709e+03
3.601816523697261800e+03
3.600973617796747476e+03
3.600130514180941191e+03
3.599287212849842945e+03
3.598443713803452738e+03
3.597600017041770116e+03
3.596756122564795987e+03
3.595912030372529443e+03
3.595067740464970484e+03
3.594223252842120019e+03
3.593378567503977138e+03
3.592533684450542296e+03
3.591688603681815493e+03
3.590843325197796730e+03
3.589997848998485097e+03
3.589152175083882412e+03
3.588306303453987312e+03
3.587460234108799796e+03
3.586613967048320774e+03
3.585767502272548882e+03
3.584920839781485483e+03
3.584073979575130124e+03
3.583226921653482350e+03
3.582379666016543069e+03
3.581532212664311373e+03
3.580684561596787717e+03
3.579836712813971644e+03
3.578988666315863611e+03
3.578140422102464072e+03
3.577291980173771663e+03
3.576443340529787747e+03
3.575594503170511416e+03
3.574745468095943124e+03
3.573896235306082872e+03
3.573046804800930659e+03
3.572197176580486030e+03
3.571347350644749440e+03
3.570497326993720890e+03
3.569647105627400379e+03
3.568796686545787452e+03
3.567946069748882564e+03
3.567095255236685716e+03
3.566244243009196907e+03
3.565393033066415683e+03
3.564541625408342497e+03
3.563690020034977351e+03
3.562838216946320244e+03
3.561986216142370722e+03
3.561134017623129694e+03
3.560281621388596250e+03
3.559429027438770390e+03
3.558576235773653025e+03
3.557723246393243244e+03
3.556870059297541957e+03
3.556016674486548254e+03
3.555163091960262136e+03
3.554309311718684512e+03
3.553455333761814472e+03
3.552601158089652017e+03
3.551746784702198056e+03
3.550892213599451679e+03
3.550037444781413797e+03
3.549182478248083498e+03
3.548327313999460785e+03
3.547471952035546565e+03
3.546616392356339929e+03
3.545760634961841333e+03
3.544904679852050776e+03
3.544048527026968259e+03
3.543192176486593326e+03
3.542335628230926432e+03
3.541478882259967577e+03
3.540621938573716761e+03
3.539764797172173530e+03
3.538907458055338338e+03
3.538049921223211186e+03
3.537192186675792072e+03
3.536334254413080544e+03
3.535476124435077054e+03
3.534617796741781603e+03
3.533759271333194192e+03
3.532900548209314366e+03
3.532041627370143033e+03
3.531182508815679284e+03
3.530323192545923121e+03
3.529463678560875451e+03
3.528603966860535365e+03
3.527744057444903319e+03
3.526883950313979312e+03
3.526023645467763345e+03
3.525163142906254961e+03
3.524302442629454617e+03
3.523441544637362313e+03
3.522580448929977592e+03
3.521719155507301366e+03
3.520857664369332724e+03
3.519995975516072122e+03
3.519134088947519558e+03
3.518272004663674579e+03
3.517409722664537640e+03
3.516547242950108739e+03
3.515684565520387878e+03
3.514821690375374601e+03
3.513958617515069818e+03
3.513095346939472620e+03
3.512231878648583006e+03
3.511368212642401886e+03
3.510504348920928351e+03
3.509640287484162855e+03
3.508776028332105398e+03
3.507911571464755980e+03
3.507046916882114147e+03
3.506182064584180353e+03
3.505317014570954598e+03
3.504451766842436882e+03
3.503586321398626751e+03
3.502720678239525114e+03
3.501854837365131061e+03
3.500988798775444593e+03
3.500122562470466619e+03
3.499256128450196229e+03
3.498389496714633879e+03
3.497522667263779567e+03
3.496655640097632840e+03
3.495788415216194153e+03
3.494920992619463505e+03
3.494053372307441350e+03
3.493185554280126325e+03
3.492317538537519795e+03
3.491449325079620394e+03
3.490580913906429487e+03
3.489712305017946619e+03
3.488843498414171336e+03
3.487974494095104092e+03
3.487105292060745342e+03
3.486235892311093721e+03
3.485366294846150595e+03
3.484496499665915053e+03
3.483626506770387550e+03
3.482756316159568087e+03
3.481885927833456208e+03
3.481015341792052368e+03
3.480144558035356567e+03
3.479273576563368806e+03
3.478402397376088629e+03
3.477531020473516946e+03
3.476659445855652848e+03
3.475787673522496789e+03
3.474915703474048314e+03
3.474043535710308333e+03
3.473171170231275937e+03
3.472298607036951580e+03
3.471425846127334808e+03
3.470552887502426529e+03
3.469679731162225835e+03
3.468806377106733180e+03
3.467932825335948564e+03
3.467059075849871988e+03
3.466185128648502541e+03
3.465310983731842043e+03
3.464436641099889130e+03
3.463562100752643801e+03
3.462687362690106966e+03
3.461812426912277260e+03
3.460937293419156049e+03
3.460061962210742877e+03
3.459186433287037289e+03
3.458310706648039741e+03
3.457434782293750686e+03
3.456558660224168761e+03
3.455682340439295331e+03
3.454805822939129030e+03
3.453929107723671223e+03
3.453052194792921455e+03
3.452175084146879271e+03
3.451297775785545582e+03
3.450420269708919477e+03
3.449542565917001411e+03
3.448664664409790930e+03
3.447786565187288943e+03
3.446908268249494540e+03
3.446029773596407722e+03
3.445151081228029398e+03
3.444272191144358658e+03
3.443393103345395957e+03
3.442513817831141296e+03
3.441634334601594674e+03
3.440754653656755636e+03
3.439874774996624637e+03
3.438994698621201678e+03
3.438114424530486758e+03
3.437233952724479423e+03
3.436353283203180581e+03
3.435472415966589324e+03
3.434591351014705651e+03
3.433710088347530473e+03
3.432828627965062879e+03
3.431946969867303324e+03
3.431065114054251808e+03
3.430183060525908331e+03
3.429300809282271985e+03
3.428418360323344587e+03
3.427535713649124773e+03
3.426652869259612999e+03
3.425769827154808809e+03
3.424886587334712658e+03
3.424003149799324547e+03
3.423119514548644474e+03
3.422235681582671987e+03
3.421351650901407538e+03
3.420467422504851129e+03
3.419582996393002759e+03
3.418698372565861973e+03
3.417813551023429682e+03
3.416928531765704975e+03
3.416043314792687852e+03
3.415157900104379223e+03
3.414272287700778179e+03
3.413386477581885174e+03
3.412500469747700208e+03
3.411614264198223282e+03
3.410727860933453940e+03
3.409841259953392637e+03
3.408954461258039373e+03
