6.729833390624395179e+03
6.728688712819604007e+03
6.727543950445255177e+03
6.726399103500842102e+03
6.725254171985861831e+03
6.724109155899810503e+03
6.722964055242185168e+03
6.721818870012474690e+03
6.720673600210177938e+03
6.719528245834790141e+03
6.718382806885804712e+03
6.717237283362717790e+03
6.716091675265026424e+03
6.714945982592220389e+03
6.713800205343801281e+03
6.712654343519259783e+03
6.711508397118092944e+03
6.710362366139793266e+03
6.709216250583858709e+03
6.708070050449780865e+03
6.706923765737060421e+03
6.705777396445187151e+03
6.704630942573657194e+03
6.703484404121966691e+03
6.702337781089610871e+03
6.701191073476082238e+03
6.700044281280879659e+03
6.698897404503494727e+03
6.697750443143425400e+03
6.696603397200163272e+03
6.695456266673207210e+03
6.694309051562048808e+03
6.693161751866182385e+03
6.692014367585108630e+03
6.690866898718313678e+03
6.689719345265300944e+03
6.688571707225562022e+03
6.687423984598589414e+03
6.686276177383882896e+03
6.685128285580933152e+03
6.683980309189239961e+03
6.682832248208289457e+03
6.681684102637585966e+03
6.680535872476621989e+03
6.679387557724889120e+03
6.678239158381884408e+03
6.677090674447102174e+03
6.675942105920038557e+03
6.674793452800185150e+03
6.673644715087040822e+03
6.672495892780101713e+03
6.671346985878855776e+03
6.670197994382805518e+03
6.669048918291439804e+03
6.667899757604256592e+03
6.666750512320750204e+03
6.665601182440414050e+03
6.664451767962746999e+03
6.663302268887238824e+03
6.662152685213389304e+03
6.661003016940688212e+03
6.659853264068635326e+03
6.658703426596719510e+03
6.657553504524441450e+03
6.656403497851293650e+03
6.655253406576770431e+03
6.654103230700367931e+03
6.652952970221578653e+03
6.651802625139898737e+03
6.650652195454821594e+03
6.649501681165844275e+03
6.648351082272462918e+03
6.647200398774168207e+03
6.646049630670456281e+03
6.644898777960823281e+03
6.643747840644761709e+03
6.642596818721769523e+03
6.641445712191340135e+03
6.640294521052965138e+03
6.639143245306141580e+03
6.637991884950366511e+03
6.636840439985131525e+03
6.635688910409931850e+03
6.634537296224264537e+03
6.633385597427620269e+03
6.632233814019497004e+03
6.631081945999389063e+03
6.629929993366789859e+03
6.628777956121193711e+03
6.627625834262096760e+03
6.626473627788994236e+03
6.625321336701378641e+03
6.624168960998746115e+03
6.623016500680590980e+03
6.621863955746409374e+03
6.620711326195691072e+03
6.619558612027933123e+03
6.618405813242636214e+03
6.617252929839288299e+03
6.616099961817386429e+03
6.614946909176423105e+03
6.613793771915892648e+03
6.612640550035291199e+03
6.611487243534113986e+03
6.610333852411857151e+03
6.609180376668012286e+03
6.608026816302073712e+03
6.606873171313539387e+03
6.605719441701901815e+03
6.604565627466653496e+03
6.603411728607291479e+03
6.602257745123310087e+03
6.601103677014204550e+03
6.599949524279466459e+03
6.598795286918594684e+03
6.597640964931079907e+03
6.596486558316420087e+03
6.595332067074104998e+03
6.594177491203635327e+03
6.593022830704500848e+03
6.591868085576198609e+03
6.590713255818222024e+03
6.589558341430063592e+03
6.588403342411222184e+03
6.587248258761189390e+03
6.586093090479461353e+03
6.584937837565529662e+03
6.583782500018892279e+03
6.582627077839041704e+03
6.581471571025473168e+03
6.580315979577680991e+03
6.579160303495160406e+03
6.578004542777403913e+03
6.576848697423908561e+03
6.575692767434165035e+03
6.574536752807671292e+03
6.573380653543920744e+03
6.572224469642408621e+03
6.571068201102627427e+03
6.569911847924071481e+03
6.568755410106236923e+03
6.567598887648617165e+03
6.566442280550707437e+03
6.565285588812002970e+03
6.564128812431995357e+03
6.562971951410180736e+03
6.561815005746053430e+03
6.560657975439107759e+03
6.559500860488837134e+03
6.558343660894738605e+03
6.557186376656302855e+03
6.556029007773027843e+03
6.554871554244405161e+03
6.553714016069931859e+03
6.552556393249097709e+03
6.551398685781402492e+03
6.550240893666337797e+03
6.549083016903397947e+03
6.547925055492076353e+03
6.546767009431870974e+03
6.545608878722271584e+03
6.544450663362775231e+03
6.543292363352878056e+03
6.542133978692069832e+03
6.540975509379848518e+03
6.539816955415706616e+03
6.538658316799136628e+03
6.537499593529637423e+03
6.536340785606697864e+03
6.535181893029816820e+03
6.534022915798485883e+03
6.532863853912202103e+03
6.531704707370457982e+03
6.530545476172747840e+03
6.529386160318562361e+03
6.528226759807402232e+03
6.527067274638759955e+03
6.525907704812128031e+03
6.524748050326998964e+03
6.523588311182871621e+03
6.522428487379235776e+03
6.521268578915588478e+03
6.520108585791424957e+03
6.518948508006235897e+03
6.517788345559517438e+03
6.516628098450763900e+03
6.515467766679469605e+03
6.514307350245127054e+03
6.513146849147231478e+03
6.511986263385279926e+03
6.510825592958762172e+03
6.509664837867174356e+03
6.508503998110011707e+03
6.507343073686762182e+03
6.506182064596928285e+03
6.505020970840002519e+03
6.503859792415474658e+03
6.502698529322840841e+03
6.501537181561598118e+03
6.500375749131237171e+03
6.499214232031252322e+03
6.498052630261140621e+03
6.496890943820393659e+03
6.495729172708502119e+03
6.494567316924967599e+03
6.493405376469279872e+03
6.492243351340934169e+03
6.491081241539422990e+03
6.489919047064243387e+03
6.488756767914886041e+03
6.487594404090847092e+03
6.486431955591620863e+03
6.485269422416699854e+03
6.484106804565579296e+03
6.482944102037753510e+03
6.481781314832714997e+03
6.480618442949958990e+03
6.479455486388979807e+03
6.478292445149268133e+03
6.477129319230324654e+03
6.475966108631637326e+03
6.474802813352704106e+03
6.473639433393016589e+03
6.472475968752068184e+03
6.471312419429355941e+03
6.470148785424371454e+03
6.468985066736607223e+03
6.467821263365561208e+03
6.466657375310725911e+03
6.465493402571595652e+03
6.464329345147662025e+03
6.463165203038419349e+03
6.462000976243365585e+03
6.460836664761991415e+03
6.459672268593792069e+03
6.458507787738258230e+03
6.457343222194888767e+03
6.456178571963174363e+03
6.455013837042609339e+03
6.453849017432689834e+03
6.452684113132906532e+03
6.451519124142756482e+03
6.450354050461730367e+03
6.449188892089323417e+03
6.448023649025031773e+03
6.446858321268345207e+03
6.445692908818759861e+03
6.444527411675770054e+03
6.443361829838869198e+03
6.442196163307551615e+03
6.441030412081311624e+03
6.439864576159640819e+03
6.438698655542034430e+03
6.437532650227986778e+03
6.436366560216989456e+03
6.435200385508540421e+03
6.434034126102131268e+03
6.432867781997254497e+03
6.431701353193405339e+03
6.430534839690077206e+03
6.429368241486763509e+03
6.428201558582959478e+03
6.427034790978157616e+03
6.425867938671854063e+03
6.424701001663539500e+03
6.423533979952709160e+03
6.422366873538856453e+03
6.421199682421476609e+03
6.420032406600061222e+03
6.418865046074102793e+03
6.417697600843101100e+03
6.416530070906546825e+03
6.415362456263930653e+03
6.414194756914747813e+03
6.413026972858493536e+03
6.411859104094663053e+03
6.410691150622746136e+03
6.409523112442239835e+03
6.408354989552635743e+03
6.407186781953428181e+03
6.406018489644111469e+03
6.404850112624177200e+03
6.403681650893122423e+03
6.402513104450438732e+03
6.401344473295621356e+03
6.400175757428160978e+03
6.399006956847554648e+03
6.397838071553294867e+03
6.396669101544874138e+03
6.395500046821787691e+03
6.394330907383528029e+03
6.393161683229589471e+03
6.391992374359465430e+03
6.390822980772650226e+03
6.389653502468638180e+03
6.388483939446919976e+03
6.387314291706989025e+03
6.386144559248343285e+03
6.384974742070475259e+03
6.383804840172875629e+03
6.382634853555040536e+03
6.381464782216460662e+03
6.380294626156634877e+03
6.379124385375051133e+03
6.377954059871206482e+03
6.376783649644594334e+03
6.375613154694707191e+03
6.374442575021037555e+03
6.373271910623081567e+03
6.372101161500332637e+03
6.370930327652282358e+03
6.369759409078425961e+03
6.368588405778253218e+03
6.367417317751263909e+03
6.366246144996948715e+03
6.365074887514799229e+03
6.363903545304311592e+03
6.362732118364978305e+03
6.361560606696291870e+03
6.360389010297746609e+03
6.359217329168837750e+03
6.358045563309057798e+03
6.356873712717899252e+03
6.355701777394856435e+03
6.354529757339421849e+03
6.353357652551089814e+03
6.352185463029355560e+03
6.351013188773709771e+03
6.349840829783648587e+03
6.348668386058659962e+03
6.347495857598243674e+03
6.346323244401890406e+03
6.345150546469094479e+03
6.343977763799349304e+03
6.342804896392146475e+03
6.341631944246982130e+03
6.340458907363346043e+03
6.339285785740737083e+03
6.338112579378644114e+03
6.336939288276562365e+03
6.335765912433984340e+03
6.334592451850403449e+03
6.333418906525315833e+03
6.332245276458210355e+03
6.331071561648583156e+03
6.329897762095928556e+03
6.328723877799739057e+03
6.327549908759506252e+03
6.326375854974725371e+03
6.325201716444888007e+03
6.324027493169492118e+03
6.322853185148025659e+03
6.321678792379982951e+03
6.320504314864861954e+03
6.319329752602146073e+03
6.318155105591342362e+03
6.316980373831935140e+03
6.315805557323416906e+03
6.314630656065284711e+03
6.313455670057031966e+03
6.312280599298148445e+03
6.311105443788131197e+03
6.309930203526471814e+03
6.308754878512666437e+03
6.307579468746204839e+03
6.306403974226579521e+03
6.305228394953285715e+03
6.304052730925815922e+03
6.302876982143665373e+03
6.301701148606326569e+03
6.300525230313292013e+03
6.299349227264054207e+03
6.298173139458105652e+03
6.296996966894945217e+03
6.295820709574061766e+03
6.294644367494946891e+03
6.293467940657094914e+03
6.292291429060001974e+03
6.291114832703159664e+03
6.289938151586062304e+03
6.288761385708198759e+03
6.287584535069066078e+03
6.286407599668158582e+03
6.285230579504965135e+03
6.284053474578982787e+03
6.282876284889701310e+03
6.281699010436616845e+03
6.280521651219222804e+03
6.279344207237009869e+03
6.278166678489471451e+03
6.276989064976103691e+03
6.275811366696397272e+03
6.274633583649845605e+03
6.273455715835941191e+03
6.272277763254181082e+03
6.271099725904052320e+03
6.269921603785051957e+03
6.268743396896670674e+03
6.267565105238406431e+03
6.266386728809746273e+03
6.265208267610188159e+03
6.264029721639220952e+03
6.262851090896341702e+03
6.261672375381041093e+03
6.260493575092814353e+03
6.259314690031152168e+03
6.258135720195547947e+03
6.256956665585496921e+03
6.255777526200488865e+03
6.254598302040019917e+03
6.253418993103579851e+03
6.252239599390664807e+03
6.251060120900770016e+03
6.249880557633381613e+03
6.248700909587996648e+03
6.247521176764107622e+03
6.246341359161210676e+03
6.245161456778791944e+03
6.243981469616349386e+03
6.242801397673376414e+03
6.241621240949364619e+03
6.240440999443805595e+03
6.239260673156195480e+03
6.238080262086026778e+03
6.236899766232787442e+03
6.235719185595975432e+03
6.234538520175085068e+03
6.233357769969602487e+03
6.232176934979029284e+03
6.230996015202853414e+03
6.229815010640568289e+03
6.228633921291666411e+03
6.227452747155641191e+03
6.226271488231987860e+03
6.225090144520192553e+03
6.223908716019759595e+03
6.222727202730172394e+03
6.221545604650927999e+03
6.220363921781514364e+03
6.219182154121432177e+03
6.218000301670170302e+03
6.216818364427220331e+03
6.215636342392075676e+03
6.214454235564233386e+03
6.213272043943179597e+03
6.212089767528414086e+03
6.210907406319422989e+03
6.209724960315703356e+03
6.208542429516747688e+03
6.207359813922050307e+03
6.206177113531100986e+03
6.204994328343391317e+03
6.203811458358419259e+03
6.202628503575673676e+03
6.201445463994650709e+03
6.200262339614838311e+03
6.199079130435733532e+03
6.197895836456827965e+03
6.196712457677613202e+03
6.195528994097585382e+03
6.194345445716235190e+03
6.193161812533053308e+03
6.191978094547534965e+03
6.190794291759174484e+03
6.189610404167460729e+03
6.188426431771889838e+03
6.187242374571951586e+03
6.186058232567143023e+03
6.184874005756952101e+03
6.183689694140875872e+03
6.182505297718402289e+03
6.181320816489029312e+03
6.180136250452245804e+03
6.178951599607546996e+03
6.177766863954422661e+03
6.176582043492368030e+03
6.175397138220876514e+03
6.174212148139437886e+03
6.173027073247549197e+03
6.171841913544700219e+03
6.170656669030382545e+03
6.169471339704090497e+03
6.168285925565312937e+03
6.167100426613551463e+03
6.165914842848293119e+03
6.164729174269026771e+03
6.163543420875252195e+03
6.162357582666461894e+03
6.161171659642141094e+03
6.159985651801789572e+03
6.158799559144898012e+03
6.157613381670956187e+03
6.156427119379461146e+03
6.155240772269901754e+03
6.154054340341774150e+03
6.152867823594568108e+03
6.151681222027778858e+03
6.150494535640895265e+03
6.149307764433415286e+03
6.148120908404827787e+03
6.146933967554622541e+03
6.145746941882299325e+03
6.144559831387346094e+03
6.143372636069257169e+03
6.142185355927524142e+03
6.140997990961640426e+03
6.139810541171096702e+03
6.138623006555387292e+03
6.137435387114004698e+03
6.136247682846441421e+03
6.135059893752189055e+03
6.133872019830741920e+03
6.132684061081590698e+03
6.131496017504230622e+03
6.130307889098148735e+03
6.129119675862843906e+03
6.127931377797804089e+03
6.126742994902524515e+03
6.125554527176496777e+03
6.124365974619213375e+03
6.123177337230167723e+03
6.121988615008851411e+03
6.120799807954756034e+03
6.119610916067375001e+03
6.118421939346200816e+03
6.117232877790724160e+03
6.116043731400444813e+03
6.114854500174845271e+03
6.113665184113426221e+03
6.112475783215673800e+03
6.111286297481081419e+03
6.110096726909145218e+03
6.108907071499355879e+03
6.107717331251205906e+03
6.106527506164185070e+03
6.105337596237790422e+03
6.104147601471511734e+03
6.102957521864844239e+03
6.101767357417273161e+03
6.100577108128296459e+03
6.099386773997408454e+03
6.098196355024095283e+03
6.097005851207856722e+03
6.095815262548178907e+03
6.094624589044556160e+03
6.093433830696482801e+03
6.092242987503448603e+03
6.091052059464948798e+03
6.089861046580474977e+03
6.088669948849515094e+03
6.087478766271568020e+03
6.086287498846119888e+03
6.085096146572666839e+03
6.083904709450699556e+03
6.082713187479714179e+03
6.081521580659199572e+03
6.080329888988648236e+03
6.079138112467553583e+03
6.077946251095408115e+03
6.076754304871702516e+03
6.075562273795929286e+03
6.074370157867582748e+03
6.073177957086150855e+03
6.071985671451131566e+03
6.070793300962012836e+03
6.069600845618288986e+03
6.068408305419451608e+03
6.067215680364995933e+03
6.066022970454409005e+03
6.064830175687187875e+03
6.063637296062818677e+03
6.062444331580800281e+03
6.061251282240620640e+03
6.060058148041774075e+03
6.058864928983752179e+03
6.057671625066048364e+03
6.056478236288153312e+03
6.055284762649559525e+03
6.054091204149759506e+03
6.052897560788243027e+03
6.051703832564508957e+03
6.050510019478042523e+03
6.049316121528335316e+03
6.048122138714887114e+03
6.046928071037185873e+03
6.045733918494722275e+03
6.044539681086989731e+03
6.043345358813481653e+03
6.042150951673685995e+03
6.040956459667100717e+03
6.039761882793214681e+03
6.038567221051521301e+03
6.037372474441509439e+03
6.036177642962674327e+03
6.034982726614512103e+03
6.033787725396506175e+03
6.032592639308153593e+03
6.031397468348943221e+03
6.030202212518373926e+03
6.029006871815930936e+03
6.027811446241109479e+03
6.026615935793402059e+03
6.025420340472299358e+03
6.024224660277292969e+03
6.023028895207875394e+03
6.021833045263543681e+03
6.020637110443780330e+03
6.019441090748085117e+03
6.018244986175946906e+03
6.017048796726858200e+03
6.015852522400312409e+03
6.014656163195800218e+03
6.013459719112812309e+03
6.012263190150843002e+03
6.011066576309383890e+03
6.009869877587927476e+03
6.008673093985964442e+03
6.007476225502986381e+03
6.006279272138488523e+03
6.005082233891955184e+03
6.003885110762887962e+03
6.002687902750776630e+03
6.001490609855109142e+03
6.000293232075378000e+03
5.999095769411079345e+03
5.997898221861702041e+03
5.996700589426739498e+03
5.995502872105681490e+03
5.994305069898021429e+03
5.993107182803250907e+03
5.991909210820861517e+03
5.990711153950347580e+03
5.989513012191197049e+03
5.988314785542906975e+03
5.987116474004961674e+03
5.985918077576861833e+03
5.984719596258093588e+03
5.983521030048151260e+03
5.982322378946526442e+03
5.981123642952709815e+03
5.979924822066192974e+03
5.978725916286471147e+03
5.977526925613035019e+03
5.976327850045371633e+03
5.975128689582978950e+03
5.973929444225346742e+03
5.972730113971966603e+03
5.971530698822330123e+03
5.970331198775929806e+03
5.969131613832256335e+03
5.967931943990803120e+03
5.966732189251061754e+03
5.965532349612523831e+03
5.964332425074681851e+03
5.963132415637025588e+03
5.961932321299048454e+03
5.960732142060241131e+03
5.959531877920095212e+03
5.958331528878105928e+03
5.957131094933763052e+03
5.955930576086555448e+03
5.954729972335979255e+03
5.953529283681525158e+03
5.952328510122682928e+03
5.951127651658944160e+03
5.949926708289805902e+03
5.948725680014753380e+03
5.947524566833282734e+03
5.946323368744884647e+03
5.945122085749047073e+03
5.943920717845266154e+03
5.942719265033034389e+03
5.941517727311839735e+03
5.940316104681174693e+03
5.939114397140534493e+03
5.937912604689407999e+03
5.936710727327288623e+03
5.935508765053665229e+03
5.934306717868031228e+03
5.933104585769879122e+03
5.931902368758697776e+03
5.930700066833984238e+03
5.929497679995224644e+03
5.928295208241913315e+03
5.927092651573540934e+03
5.925890009989598184e+03
5.924687283489580295e+03
5.923484472072977951e+03
5.922281575739277287e+03
5.921078594487978080e+03
5.919875528318566467e+03
5.918672377230536767e+03
5.917469141223380575e+03
5.916265820296589482e+03
5.915062414449650532e+03
5.913858923682062596e+03
5.912655347993311807e+03
5.911451687382889759e+03
5.910247941850296229e+03
5.909044111395011896e+03
5.907840196016535629e+03
5.906636195714354471e+03
5.905432110487964565e+03
5.904227940336851134e+03
5.903023685260512138e+03
5.901819345258436442e+03
5.900614920330116547e+03
5.899410410475040408e+03
5.898205815692705073e+03
5.897001135982599408e+03
5.895796371344211366e+03
5.894591521777040725e+03
5.893386587280572712e+03
5.892181567854299828e+03
5.890976463497716395e+03
5.889771274210306728e+03
5.888565999991572426e+03
5.887360640840999622e+03
5.886155196758078091e+03
5.884949667742301244e+03
5.883744053793162493e+03
5.882538354910152520e+03
5.881332571092760190e+03
5.880126702340478914e+03
5.878920748652799375e+03
5.877714710029214984e+03
5.876508586469216425e+03
5.875302377972291652e+03
5.874096084537935894e+03
5.872889706165643474e+03
5.871683242854897799e+03
5.870476694605195917e+03
5.869270061416025783e+03
5.868063343286884447e+03
5.866856540217259862e+03
5.865649652206640894e+03
5.864442679254522773e+03
5.863235621360397090e+03
5.862028478523752710e+03
5.860821250744080317e+03
5.859613938020875139e+03
5.858406540353627861e+03
5.857199057741824618e+03
5.855991490184962458e+03
5.854783837682530248e+03
5.853576100234022306e+03
5.852368277838924769e+03
5.851160370496734686e+03
5.849952378206939102e+03
5.848744300969033247e+03
5.847536138782504167e+03
5.846327891646846183e+03
5.845119559561548158e+03
5.843911142526105323e+03
5.842702640540003813e+03
5.841494053602740678e+03
5.840285381713803872e+03
5.839076624872683169e+03
5.837867783078872890e+03
5.836658856331863717e+03
5.835449844631145425e+03
5.834240747976211424e+03
5.833031566366549669e+03
5.831822299801657209e+03
5.830612948281018362e+03
5.829403511804129266e+03
5.828193990370480606e+03
5.826984383979563972e+03
5.825774692630863683e+03
5.824564916323884063e+03
5.823355055058104881e+03
5.822145108833023187e+03
5.820935077648125116e+03
5.819724961502909537e+03
5.818514760396860765e+03
5.817304474329473123e+03
5.816094103300238203e+03
5.814883647308645777e+03
5.813673106354188349e+03
5.812462480436354781e+03
5.811251769554641214e+03
5.810040973708531965e+03
5.808830092897522263e+03
5.807619127121105521e+03
5.806408076378766964e+03
5.805196940670001823e+03
5.803985719994300780e+03
5.802774414351154519e+03
5.801563023740053723e+03
5.800351548160490893e+03
5.799139987611956712e+03
5.797928342093941865e+03
5.796716611605937032e+03
5.795504796147435627e+03
5.794292895717922875e+03
5.793080910316894915e+03
5.791868839943845160e+03
5.790656684598258835e+03
5.789444444279631171e+03
5.788232118987451031e+03
5.787019708721210009e+03
5.785807213480401515e+03
5.784594633264512595e+03
5.783381968073036660e+03
5.782169217905465302e+03
5.780956382761288296e+03
5.779743462639993595e+03
5.778530457541080068e+03
5.777317367464032941e+03
5.776104192408344716e+03
5.774890932373506985e+03
5.773677587359010431e+03
5.772464157364346647e+03
5.771250642389002678e+03
5.770037042432474664e+03
5.768823357494252377e+03
5.767609587573826502e+03
5.766395732670685902e+03
5.765181792784323989e+03
5.763967767914231445e+03
5.762753658059898953e+03
5.761539463220819016e+03
5.760325183396478678e+03
5.759110818586371352e+03
5.757896368789988628e+03
5.756681834006820282e+03
5.755467214236359723e+03
5.754252509478095817e+03
5.753037719731518337e+03
5.751822844996117965e+03
5.750607885271388113e+03
5.749392840556820374e+03
5.748177710851904521e+03
5.746962496156130328e+03
5.745747196468988477e+03
5.744531811789971471e+03
5.743316342118569992e+03
5.742100787454274723e+03
5.740885147796575438e+03
5.739669423144963730e+03
5.738453613498931190e+03
5.737237718857967593e+03
5.736021739221565440e+03
5.734805674589214505e+03
5.733589524960404560e+03
5.732373290334629928e+03
5.731156970711377653e+03
5.729940566090140237e+03
5.728724076470408363e+03
5.727507501851673624e+03
5.726290842233423973e+03
5.725074097615154642e+03
5.723857267996353585e+03
5.722640353376511484e+03
5.721423353755121752e+03
5.720206269131671434e+03
5.718989099505652121e+03
5.717771844876558134e+03
5.716554505243878339e+03
5.715337080607102507e+03
5.714119570965719504e+03
5.712901976319227288e+03
5.711684296667108356e+03
5.710466532008857030e+03
5.709248682343963992e+03
5.708030747671920835e+03
5.706812727992219152e+03
5.705594623304346896e+03
5.704376433607793842e+03
5.703158158902055220e+03
5.701939799186619894e+03
5.700721354460976727e+03
5.699502824724618222e+03
5.698284209977034152e+03
5.697065510217717929e+03
5.695846725446155688e+03
5.694627855661840840e+03
5.693408900864265888e+03
5.692189861052917877e+03
5.690970736227289308e+03
5.689751526386869045e+03
5.688532231531152320e+03
5.687312851659623448e+03
5.686093386771778569e+03
5.684873836867106547e+03
5.683654201945097157e+03
5.682434482005241080e+03
5.681214677047029909e+03
5.679994787069952508e+03
5.678774812073503199e+03
5.677554752057169935e+03
5.676334607020441581e+03
5.675114376962814276e+03
5.673894061883772338e+03
5.672673661782810996e+03
5.671453176659416386e+03
5.670232606513083738e+03
5.669011951343301007e+03
5.667791211149560695e+03
5.666570385931350756e+03
5.665349475688165512e+03
5.664128480419491098e+03
5.662907400124820924e+03
5.661686234803644766e+03
5.660464984455453305e+03
5.659243649079737224e+03
5.658022228675986298e+03
5.656800723243693028e+03
5.655579132782345368e+03
5.654357457291434002e+03
5.653135696770454160e+03
5.651913851218889249e+03
5.650691920636236318e+03
5.649469905021978775e+03
5.648247804375613669e+03
5.647025618696630772e+03
5.645803347984518041e+03
5.644580992238765248e+03
5.643358551458863076e+03
5.642136025644306756e+03
5.640913414794581513e+03
5.639690718909178031e+03
5.638467937987591540e+03
5.637245072029306357e+03
5.636022121033818621e+03
5.634799085000614468e+03
5.633575963929188219e+03
5.632352757819024191e+03
5.631129466669618523e+03
5.629906090480460989e+03
5.628682629251040453e+03
5.627459082980847597e+03
5.626235451669373106e+03
5.625011735316104932e+03
5.623787933920536489e+03
5.622564047482160277e+03
5.621340076000462432e+03
5.620116019474934546e+03
5.618891877905068213e+03
5.617667651290349568e+03
5.616443339630276569e+03
5.615218942924331714e+03
5.613994461172011142e+03
5.612769894372802810e+03
5.611545242526197399e+03
5.610320505631683773e+03
5.609095683688755344e+03
5.607870776696900066e+03
5.606645784655609532e+03
5.605420707564372606e+03
5.604195545422681789e+03
5.602970298230025037e+03
5.601744965985893032e+03
5.600519548689777366e+03
5.599294046341168723e+03
5.598068458939555967e+03
5.596842786484430690e+03
5.595617028975279936e+03
5.594391186411597118e+03
5.593165258792872919e+03
5.591939246118598021e+03
5.590713148388258560e+03
5.589486965601348857e+03
5.588260697757356866e+03
5.587034344855772360e+03
5.585807906896087843e+03
5.584581383877793996e+03
5.583354775800381503e+03
5.582128082663333771e+03
5.580901304466148758e+03
5.579674441208315329e+03
5.578447492889319619e+03
5.577220459508655949e+03
5.575993341065814093e+03
5.574766137560282004e+03
5.573538848991551276e+03
5.572311475359112592e+03
5.571084016662453905e+03
5.569856472901068628e+03
5.568628844074446533e+03
5.567401130182073757e+03
5.566173331223445530e+03
5.564945447198048896e+03
5.563717478105376358e+03
5.562489423944914051e+03
5.561261284716158116e+03
5.560033060418593777e+03
5.558804751051709900e+03
5.557576356615001714e+03
5.556347877107957174e+03
5.555119312530066054e+03
5.553890662880818127e+03
5.552661928159704985e+03
5.551433108366216402e+03
5.550204203499840332e+03
5.548975213560069278e+03
5.547746138546393013e+03
5.546516978458299491e+03
5.545287733295280304e+03
5.544058403056827046e+03
5.542828987742426762e+03
5.541599487351571042e+03
5.540369901883751481e+03
5.539140231338456942e+03
5.537910475715176290e+03
5.536680635013400206e+03
5.535450709232618465e+03
5.534220698372323568e+03
5.532990602432002561e+03
5.531760421411145217e+03
5.530530155309244947e+03
5.529299804125786977e+03
5.528069367860266539e+03
5.526838846512168857e+03
5.525608240080989162e+03
5.524377548566210862e+03
5.523146771967331006e+03
5.521915910283834819e+03
5.520684963515212075e+03
5.519453931660954368e+03
5.518222814720555107e+03
5.516991612693495881e+03
5.515760325579273740e+03
5.514528953377378457e+03
5.513297496087294348e+03
5.512065953708515735e+03
5.510834326240532391e+03
5.509602613682834090e+03
5.508370816034908785e+03
5.507138933296248069e+03
5.505906965466342626e+03
5.504674912544678591e+03
5.503442774530751194e+03
5.502210551424046571e+03
5.500978243224059042e+03
5.499745849930272925e+03
5.498513371542179812e+03
5.497280808059269475e+03
5.496048159481033508e+03
5.494815425806961684e+03
5.493582607036541958e+03
5.492349703169267741e+03
5.491116714204624259e+03
5.489883640142104014e+03
5.488650480981194960e+03
5.487417236721388690e+03
5.486183907362175887e+03
5.484950492903042687e+03
5.483716993343484319e+03
5.482483408682986010e+03
5.481249738921041171e+03
5.480015984057134119e+03
5.478782144090761903e+03
5.477548219021407931e+03
5.476314208848565613e+03
5.475080113571724723e+03
5.473845933190373216e+03
5.472611667704001775e+03
5.471377317112099263e+03
5.470142881414159092e+03
5.468908360609666488e+03
5.467673754698113953e+03
5.466439063678987623e+03
5.465204287551781817e+03
5.463969426315984492e+03
5.462734479971086330e+03
5.461499448516573466e+03
5.460264331951940221e+03
5.459029130276672731e+03
5.457793843490263498e+03
5.456558471592200476e+03
5.455323014581975258e+03
5.454087472459074888e+03
5.452851845222991869e+03
5.451616132873211427e+03
5.450380335409228792e+03
5.449144452830531009e+03
5.447908485136605123e+03
5.446672432326947273e+03
5.445436294401039959e+03
5.444200071358377500e+03
5.442963763198448760e+03
5.441727369920742603e+03
5.440490891524750623e+03
5.439254328009958044e+03
5.438017679375857369e+03
5.436780945621940191e+03
5.435544126747693554e+03
5.434307222752606322e+03
5.433070233636171906e+03
5.431833159397874624e+03
5.430596000037207887e+03
5.429358755553660558e+03
5.428121425946720592e+03
5.426884011215880491e+03
5.425646511360628210e+03
5.424408926380452613e+03
5.423171256274846201e+03
5.421933501043296019e+03
5.420695660685289113e+03
5.419457735200319803e+03
5.418219724587876954e+03
5.416981628847445791e+03
5.415743447978519725e+03
5.414505181980591260e+03
5.413266830853143802e+03
5.412028394595670761e+03
5.410789873207658275e+03
5.409551266688597934e+03
5.408312575037979514e+03
5.407073798255293696e+03
5.405834936340024797e+03
5.404595989291668047e+03
5.403356957109712312e+03
5.402117839793643725e+03
5.400878637342952970e+03
5.399639349757130731e+03
5.398399977035667689e+03
5.397160519178050890e+03
5.395920976183769199e+03
5.394681348052315116e+03
5.393441634783175687e+03
5.392201836375842504e+03
5.390961952829801703e+03
5.389721984144544876e+03
5.388481930319560888e+03
5.387241791354340421e+03
5.386001567248370520e+03
5.384761258001141869e+03
5.383520863612144240e+03
5.382280384080867407e+03
5.381039819406799324e+03
5.379799169589430676e+03
5.378558434628253963e+03
5.377317614522750773e+03
5.376076709272415428e+03
5.374835718876735882e+03
5.373594643335203727e+03
5.372353482647305100e+03
5.371112236812532501e+03
5.369870905830373886e+03
5.368629489700317208e+03
5.367387988421854061e+03
5.366146401994474218e+03
5.364904730417663814e+03
5.363662973690914441e+03
5.362421131813714965e+03
5.361179204785555157e+03
5.359937192605924793e+03
5.358695095274310916e+03
5.357452912790205119e+03
5.356210645153095356e+03
5.354968292362472312e+03
5.353725854417823030e+03
5.352483331318640012e+03
5.351240723064407575e+03
5.349998029654620041e+03
5.348755251088764453e+03
5.347512387366330586e+03
5.346269438486808212e+03
5.345026404449685288e+03
5.343783285254451584e+03
5.342540080900595967e+03
5.341296791387607300e+03
5.340053416714977175e+03
5.338809956882192637e+03
5.337566411888744369e+03
5.336322781734118507e+03
5.335079066417807553e+03
5.333835265939300371e+03
5.332591380298084005e+03
5.331347409493650048e+03
5.330103353525487364e+03
5.328859212393085727e+03
5.327614986095929453e+03
5.326370674633512863e+03
5.325126278005323911e+03
5.323881796210851462e+03
5.322637229249583470e+03
5.321392577121012437e+03
5.320147839824624498e+03
5.318903017359910336e+03
5.317658109726356997e+03
5.316413116923455163e+03
5.315168038950694609e+03
5.313922875807563287e+03
5.312677627493551881e+03
5.311432294008148347e+03
5.310186875350839728e+03
5.308941371521119436e+03
5.307695782518473607e+03
5.306450108342391104e+03
5.305204348992364430e+03
5.303958504467876992e+03
5.302712574768424020e+03
5.301466559893489830e+03
5.300220459842567834e+03
5.298974274615142349e+03
5.297728004210704967e+03
5.296481648628744551e+03
5.295235207868749058e+03
5.293988681930210987e+03
5.292742070812616475e+03
5.291495374515451658e+03
5.290248593038211766e+03
5.289001726380384753e+03
5.287754774541455845e+03
5.286507737520916635e+03
5.285260615318254168e+03
5.284013407932960035e+03
5.282766115364522193e+03
5.281518737612428595e+03
5.280271274676170833e+03
5.279023726555234134e+03
5.277776093249110090e+03
5.276528374757286656e+03
5.275280571079254514e+03
5.274032682214499800e+03
5.272784708162515926e+03
5.271536648922786298e+03
5.270288504494802510e+03
5.269040274878055243e+03
5.267791960072029724e+03
5.266543560076219364e+03
5.265295074890108481e+03
5.264046504513188665e+03
5.262797848944948782e+03
5.261549108184876786e+03
5.260300282232462450e+03
5.259051371087193729e+03
5.257802374748561306e+03
5.256553293216050406e+03
5.255304126489154442e+03
5.254054874567357729e+03
5.252805537450153679e+03
5.251556115137029337e+03
5.250306607627473568e+03
5.249057014920974325e+03
5.247807337017020473e+03
5.246557573915101784e+03
5.245307725614706214e+03
5.244057792115324446e+03
5.242807773416443524e+03
5.241557669517552313e+03
5.240307480418142404e+03
5.239057206117697206e+03
5.237806846615709219e+03
5.236556401911668218e+03
5.235305872005061246e+03
5.234055256895378079e+03
5.232804556582104851e+03
5.231553771064733155e+03
5.230302900342751855e+03
5.229051944415647085e+03
5.227800903282911349e+03
5.226549776944028963e+03
5.225298565398491519e+03
5.224047268645789700e+03
5.222795886685407822e+03
5.221544419516837479e+03
5.220292867139566624e+03
5.219041229553083213e+03
5.217789506756877017e+03
5.216537698750437812e+03
5.215285805533253551e+03
5.214033827104810371e+03
5.212781763464598953e+03
5.211529614612110890e+03
5.210277380546831409e+03
5.209025061268248464e+03
5.207772656775852738e+03
5.206520167069132185e+03
5.205267592147575670e+03
5.204014932010670236e+03
5.202762186657908387e+03
5.201509356088777167e+03
5.200256440302765441e+03
5.199003439299357524e+03
5.197750353078048647e+03
5.196497181638323127e+03
5.195243924979671647e+03
5.193990583101581251e+03
5.192737156003539894e+03
5.191483643685041898e+03
5.190230046145571578e+03
5.188976363384612341e+03
5.187722595401662147e+03
5.186468742196205312e+03
5.185214803767728881e+03
5.183960780115725356e+03
5.182706671239682692e+03
5.181452477139086113e+03
5.180198197813424486e+03
5.178943833262190310e+03
5.177689383484868813e+03
5.176434848480950677e+03
5.175180228249921129e+03
5.173925522791272670e+03
5.172670732104494164e+03
5.171415856189069018e+03
5.170160895044489735e+03
5.168905848670246087e+03
5.167650717065823301e+03
5.166395500230709331e+03
5.165140198164395770e+03
5.163884810866370572e+03
5.162629338336119872e+03
5.161373780573136173e+03
5.160118137576903791e+03
5.158862409346914319e+03
5.157606595882652982e+03
5.156350697183610464e+03
5.155094713249277447e+03
5.153838644079139158e+03
5.152582489672686279e+03
5.151326250029402217e+03
5.150069925148781294e+03
5.148813515030310555e+03
5.147557019673477043e+03
5.146300439077770534e+03
5.145043773242676252e+03
5.143787022167685791e+03
5.142530185852288014e+03
5.141273264295972695e+03
5.140016257498220511e+03
5.138759165458528514e+03
5.137501988176382838e+03
5.136244725651267800e+03
5.134987377882675901e+03
5.133729944870093277e+03
5.132472426613011521e+03
5.131214823110915859e+03
5.129957134363296063e+03
5.128699360369640090e+03
5.127441501129437711e+03
5.126183556642174153e+03
5.124925526907340100e+03
5.123667411924423504e+03
5.122409211692912322e+03
5.121150926212295417e+03
5.119892555482061653e+03
5.118634099501697165e+03
5.117375558270694455e+03
5.116116931788536021e+03
5.114858220054715275e+03
5.113599423068716533e+03
5.112340540830031387e+03
5.111081573338147791e+03
5.109822520592551882e+03
5.108563382592731614e+03
5.107304159338178579e+03
5.106044850828378003e+03
5.104785457062822388e+03
5.103525978040993323e+03
5.102266413762385127e+03
5.101006764226484847e+03
5.099747029432775889e+03
5.098487209380750755e+03
5.097227304069899219e+03
5.095967313499706506e+03
5.094707237669661481e+03
5.093447076579253917e+03
5.092186830227969040e+03
5.090926498615296623e+03
5.089666081740727350e+03
5.088405579603747356e+03
5.087144992203840957e+03
5.085884319540502474e+03
5.084623561613217134e+03
5.083362718421473801e+03
5.082101789964760428e+03
5.080840776242564971e+03
5.079579677254374474e+03
5.078318492999682348e+03
5.077057223477971093e+03
5.075795868688728660e+03
5.074534428631447554e+03
5.073272903305612090e+03
5.072011292710711132e+03
5.070749596846237182e+03
5.069487815711671828e+03
5.068225949306505754e+03
5.066963997630229642e+03
5.065701960682329627e+03
5.064439838462290027e+03
5.063177630969605161e+03
5.061915338203761166e+03
5.060652960164243268e+03
5.059390496850543059e+03
5.058127948262146674e+03
5.056865314398541159e+03
5.055602595259219015e+03
5.054339790843664559e+03
5.053076901151366656e+03
5.051813926181814168e+03
5.050550865934495960e+03
5.049287720408895439e+03
5.048024489604505106e+03
5.046761173520812008e+03
5.045497772157302279e+03
5.044234285513468421e+03
5.042970713588794752e+03
5.041707056382766496e+03
5.040443313894879793e+03
5.039179486124616233e+03
5.037915573071467406e+03
5.036651574734919450e+03
5.035387491114457589e+03
5.034123322209575235e+03
5.032859068019758524e+03
5.031594728544493591e+03
5.030330303783268391e+03
5.029065793735573607e+03
5.027801198400893554e+03
5.026536517778720736e+03
5.025271751868539468e+03
5.024006900669841343e+03
5.022741964182109768e+03
5.021476942404835427e+03
5.020211835337506272e+03
5.018946642979607532e+03
5.017681365330629887e+03
5.016416002390064023e+03
5.015150554157388797e+03
5.013885020632099440e+03
5.012619401813683908e+03
5.011353697701626515e+03
5.010087908295417037e+03
5.008822033594544337e+03
5.007556073598494550e+03
5.006290028306756540e+03
5.005023897718817352e+03
5.003757681834164941e+03
5.002491380652289081e+03
5.001224994172675906e+03
4.999958522394811553e+03
4.998691965318185794e+03
4.997425322942287494e+03
4.996158595266603697e+03
4.994891782290620540e+03
4.993624884013827796e+03
4.992357900435713418e+03
4.991090831555765362e+03
4.989823677373467945e+03
4.988556437888311848e+03
4.987289113099787755e+03
4.986021703007378164e+03
4.984754207610572848e+03
4.983486626908861581e+03
4.982218960901726859e+03
4.980951209588662095e+03
4.979683372969152515e+03
4.978415451042687891e+03
4.977147443808752541e+03
4.975879351266835329e+03
4.974611173416426936e+03
4.973342910257010772e+03
4.972074561788077517e+03
4.970806128009114218e+03
4.969537608919607919e+03
4.968269004519046575e+03
4.967000314806919050e+03
4.965731539782713298e+03
4.964462679445912727e+03
4.963193733796009838e+03
4.961924702832491676e+03
4.960655586554841648e+03
4.959386384962554075e+03
4.958117098055111455e+03
4.956847725832001743e+03
4.955578268292719258e+03
4.954308725436742861e+03
4.953039097263564145e+03
4.951769383772671972e+03
4.950499584963549751e+03
4.949229700835688163e+03
4.947959731388576984e+03
4.946689676621701437e+03
4.945419536534549479e+03
4.944149311126606335e+03
4.942879000397361779e+03
4.941608604346301945e+03
4.940338122972918427e+03
4.939067556276696450e+03
4.937796904257122151e+03
4.936526166913685302e+03
4.935255344245872038e+03
4.933984436253171225e+03
4.932713442935068088e+03
4.931442364291052399e+03
4.930171200320611206e+03
4.928899951023231552e+03
4.927628616398400482e+03
4.926357196445607769e+03
4.925085691164340460e+03
4.923814100554083780e+03
4.922542424614328411e+03
4.921270663344558670e+03
4.919998816744262513e+03
4.918726884812933349e+03
4.917454867550049130e+03
4.916182764955103266e+03
4.914910577027580985e+03
4.913638303766974786e+03
4.912365945172766260e+03
4.911093501244443360e+03
4.909820971981495859e+03
4.908548357383413531e+03
4.907275657449677965e+03
4.906002872179780752e+03
4.904730001573206209e+03
4.903457045629447748e+03
4.902184004347986047e+03
4.900910877728309060e+03
4.899637665769907471e+03
4.898364368472270144e+03
4.897090985834880485e+03
4.895817517857229177e+03
4.894543964538798718e+03
4.893270325879082520e+03
4.891996601877564899e+03
4.890722792533731990e+03
4.889448897847074477e+03
4.888174917817078494e+03
4.886900852443231088e+03
4.885626701725016574e+03
4.884352465661928363e+03
4.883078144253449864e+03
4.881803737499069030e+03
4.880529245398274725e+03
4.879254667950552175e+03
4.877980005155390245e+03
4.876705257012275069e+03
4.875430423520694603e+03
4.874155504680138620e+03
4.872880500490090526e+03
4.871605410950037367e+03
4.870330236059469826e+03
4.869054975817874038e+03
4.867779630224736138e+03
4.866504199279544991e+03
4.865228682981787642e+03
4.863953081330952045e+03
4.862677394326521608e+03
4.861401621967987921e+03
4.860125764254837122e+03
4.858849821186555346e+03
4.857573792762631456e+03
4.856297678982550678e+03
4.855021479845802787e+03
4.853745195351872098e+03
4.852468825500248386e+03
4.851192370290419603e+03
4.849915829721869159e+03
4.848639203794086825e+03
4.847362492506560557e+03
4.846085695858776489e+03
4.844808813850222577e+03
4.843531846480383138e+03
4.842254793748749762e+03
4.840977655654806767e+03
4.839700432198042108e+03
4.838423123377942829e+03
4.837145729193996885e+03
4.835868249645689502e+03
4.834590684732510454e+03
4.833313034453945875e+03
4.832035298809481901e+03
4.830757477798606487e+03
4.829479571420806678e+03
4.828201579675572248e+03
4.826923502562385693e+03
4.825645340080737697e+03
4.824367092230112576e+03
4.823088759009999194e+03
4.821810340419884596e+03
4.820531836459255828e+03
4.819253247127599934e+03
4.817974572424403050e+03
4.816695812349154949e+03
4.815416966901341766e+03
4.814138036080447819e+03
4.812859019885961970e+03
4.811579918317372176e+03
4.810300731374164570e+03
4.809021459055828927e+03
4.807742101361848654e+03
4.806462658291709886e+03
4.805183129844904215e+03
4.803903516020916868e+03
4.802623816819233070e+03
4.801344032239341686e+03
4.800064162280728851e+03
4.798784206942882520e+03
4.797504166225288827e+03
4.796224040127438457e+03
4.794943828648810268e+03
4.793663531788899490e+03
4.792383149547188623e+03
4.791102681923166529e+03
4.789822128916319343e+03
4.788541490526134112e+03
4.787260766752097879e+03
4.785979957593697691e+03
4.784699063050419682e+03
4.783418083121754535e+03
4.782137017807184748e+03
4.780855867106201003e+03
4.779574631018284890e+03
4.778293309542928000e+03
4.777011902679616469e+03
4.775730410427836432e+03
4.774448832787074934e+03
4.773167169756819021e+03
4.771885421336557556e+03
4.770603587525774856e+03
4.769321668323956146e+03
4.768039663730593929e+03
4.766757573745170703e+03
4.765475398367172602e+03
4.764193137596092129e+03
4.762910791431410871e+03
4.761628359872618603e+03
4.760345842919201459e+03
4.759063240570642847e+03
4.757780552826435269e+03
4.756497779686061222e+03
4.755214921149011388e+03
4.753931977214770995e+03
4.752648947882826178e+03
4.751365833152663072e+03
4.750082633023768722e+03
4.748799347495631991e+03
4.747515976567739017e+03
4.746232520239575024e+03
4.744948978510628876e+03
4.743665351380384891e+03
4.742381638848334660e+03
4.741097840913959772e+03
4.739813957576749090e+03
4.738529988836188750e+03
4.737245934691767616e+03
4.735961795142970914e+03
4.734677570189283870e+03
4.733393259830197167e+03
4.732108864065192392e+03
4.730824382893760230e+03
4.729539816315387725e+03
4.728255164329561012e+03
4.726970426935764408e+03
4.725685604133484958e+03
4.724400695922213345e+03
4.723115702301434794e+03
4.721830623270633623e+03
4.720545458829297786e+03
4.719260208976914328e+03
4.717974873712969384e+03
4.716689453036950908e+03
4.715403946948345038e+03
4.714118355446638816e+03
4.712832678531316560e+03
4.711546916201866225e+03
4.710261068457775764e+03
4.708975135298531313e+03
4.707689116723620828e+03
4.706403012732528623e+03
4.705116823324739926e+03
4.703830548499747238e+03
4.702544188257032147e+03
4.701257742596082608e+03
4.699971211516386575e+03
4.698684595017428364e+03
4.697397893098696841e+03
4.696111105759674501e+03
4.694824232999853848e+03
4.693537274818718288e+03
4.692250231215753956e+03
4.690963102190449717e+03
4.689675887742291707e+03
4.688388587870763331e+03
4.687101202575354364e+03
4.685813731855550941e+03
4.684526175710839198e+03
4.683238534140704360e+03
4.681950807144636201e+03
4.680662994722119947e+03
4.679375096872639006e+03
4.678087113595684059e+03
4.676799044890739424e+03
4.675510890757293964e+03
4.674222651194830178e+03
4.672934326202837838e+03
4.671645915780804899e+03
4.670357419928213858e+03
4.669068838644553580e+03
4.667780171929308381e+03
4.666491419781968034e+03
4.665202582202017766e+03
4.663913659188943711e+03
4.662624650742231097e+03
4.661335556861367877e+03
4.660046377545841096e+03
4.658757112795135072e+03
4.657467762608740486e+03
4.656178326986139837e+03
4.654888805926823807e+03
4.653599199430242152e+03
0.000000000000000000e+00
0.000000000000000000e+00
0.000000000000000000e+00
0.000000000000000000e+00
0.000000000000000000e+00
0.000000000000000000e+00
0.000000000000000000e+00
0.000000000000000000e+00
0.000000000000000000e+00
0.000000000000000000e+00
0.000000000000000000e+00
0.000000000000000000e+00
0.000000000000000000e+00
0.000000000000000000e+00
0.000000000000000000e+00
0.000000000000000000e+00
0.000000000000000000e+00
0.000000000000000000e+00
0.000000000000000000e+00
0.000000000000000000e+00
0.000000000000000000e+00
0.000000000000000000e+00
0.000000000000000000e+00
0.000000000000000000e+00
0.000000000000000000e+00
0.000000000000000000e+00
0.000000000000000000e+00
0.000000000000000000e+00
0.000000000000000000e+00
0.000000000000000000e+00
0.000000000000000000e+00
0.000000000000000000e+00
0.000000000000000000e+00
0.000000000000000000e+00
0.000000000000000000e+00
0.000000000000000000e+00
0.000000000000000000e+00
0.000000000000000000e+00
0.000000000000000000e+00
0.000000000000000000e+00
0.000000000000000000e+00
0.000000000000000000e+00
0.000000000000000000e+00
0.000000000000000000e+00
0.000000000000000000e+00
0.000000000000000000e+00
0.000000000000000000e+00
0.000000000000000000e+00
0.000000000000000000e+00
0.000000000000000000e+00
0.000000000000000000e+00
0.000000000000000000e+00
0.000000000000000000e+00
0.000000000000000000e+00
0.000000000000000000e+00
0.000000000000000000e+00
0.000000000000000000e+00
0.000000000000000000e+00
0.000000000000000000e+00
0.000000000000000000e+00
0.000000000000000000e+00
0.000000000000000000e+00
0.000000000000000000e+00
0.000000000000000000e+00
0.000000000000000000e+00
0.000000000000000000e+00
0.000000000000000000e+00
0.000000000000000000e+00
0.000000000000000000e+00
0.000000000000000000e+00
0.000000000000000000e+00
0.000000000000000000e+00
0.000000000000000000e+00
0.000000000000000000e+00
0.000000000000000000e+00
0.000000000000000000e+00
0.000000000000000000e+00
0.000000000000000000e+00
0.000000000000000000e+00
0.000000000000000000e+00
0.000000000000000000e+00
0.000000000000000000e+00
0.000000000000000000e+00
0.000000000000000000e+00
0.000000000000000000e+00
0.000000000000000000e+00
0.000000000000000000e+00
0.000000000000000000e+00
0.000000000000000000e+00
0.000000000000000000e+00
0.000000000000000000e+00
0.000000000000000000e+00
0.000000000000000000e+00
0.000000000000000000e+00
0.000000000000000000e+00
0.000000000000000000e+00
0.000000000000000000e+00
0.000000000000000000e+00
0.000000000000000000e+00
0.000000000000000000e+00
0.000000000000000000e+00
0.000000000000000000e+00
0.000000000000000000e+00
0.000000000000000000e+00
0.000000000000000000e+00
0.000000000000000000e+00
0.000000000000000000e+00
0.000000000000000000e+00
0.000000000000000000e+00
0.000000000000000000e+00
0.000000000000000000e+00
0.000000000000000000e+00
0.000000000000000000e+00
0.000000000000000000e+00
0.000000000000000000e+00
0.000000000000000000e+00
0.000000000000000000e+00
0.000000000000000000e+00
0.000000000000000000e+00
0.000000000000000000e+00
0.000000000000000000e+00
0.000000000000000000e+00
0.000000000000000000e+00
0.000000000000000000e+00
0.000000000000000000e+00
0.000000000000000000e+00
0.000000000000000000e+00
0.000000000000000000e+00
0.000000000000000000e+00
0.000000000000000000e+00
0.000000000000000000e+00
0.000000000000000000e+00
0.000000000000000000e+00
0.000000000000000000e+00
0.000000000000000000e+00
0.000000000000000000e+00
0.000000000000000000e+00
0.000000000000000000e+00
0.000000000000000000e+00
0.000000000000000000e+00
0.000000000000000000e+00
0.000000000000000000e+00
0.000000000000000000e+00
0.000000000000000000e+00
0.000000000000000000e+00
0.000000000000000000e+00
0.000000000000000000e+00
0.000000000000000000e+00
0.000000000000000000e+00
0.000000000000000000e+00
0.000000000000000000e+00
0.000000000000000000e+00
0.000000000000000000e+00
0.000000000000000000e+00
0.000000000000000000e+00
0.000000000000000000e+00
0.000000000000000000e+00
0.000000000000000000e+00
0.000000000000000000e+00
0.000000000000000000e+00
0.000000000000000000e+00
0.000000000000000000e+00
0.000000000000000000e+00
0.000000000000000000e+00
0.000000000000000000e+00
0.000000000000000000e+00
0.000000000000000000e+00
0.000000000000000000e+00
0.000000000000000000e+00
0.000000000000000000e+00
0.000000000000000000e+00
0.000000000000000000e+00
0.000000000000000000e+00
0.000000000000000000e+00
0.000000000000000000e+00
0.000000000000000000e+00
0.000000000000000000e+00
0.000000000000000000e+00
0.000000000000000000e+00
0.000000000000000000e+00
0.000000000000000000e+00
0.000000000000000000e+00
0.000000000000000000e+00
0.000000000000000000e+00
0.000000000000000000e+00
0.000000000000000000e+00
0.000000000000000000e+00
0.000000000000000000e+00
0.000000000000000000e+00
0.000000000000000000e+00
0.000000000000000000e+00
0.000000000000000000e+00
0.000000000000000000e+00
0.000000000000000000e+00
0.000000000000000000e+00
0.000000000000000000e+00
0.000000000000000000e+00
0.000000000000000000e+00
0.000000000000000000e+00
0.000000000000000000e+00
0.000000000000000000e+00
0.000000000000000000e+00
0.000000000000000000e+00
0.000000000000000000e+00
0.000000000000000000e+00
0.000000000000000000e+00
0.000000000000000000e+00
0.000000000000000000e+00
0.000000000000000000e+00
0.000000000000000000e+00
0.000000000000000000e+00
0.000000000000000000e+00
0.000000000000000000e+00
0.000000000000000000e+00
0.000000000000000000e+00
0.000000000000000000e+00
0.000000000000000000e+00
0.000000000000000000e+00
0.000000000000000000e+00
0.000000000000000000e+00
0.000000000000000000e+00
0.000000000000000000e+00
0.000000000000000000e+00
0.000000000000000000e+00
0.000000000000000000e+00
0.000000000000000000e+00
0.000000000000000000e+00
0.000000000000000000e+00
0.000000000000000000e+00
0.000000000000000000e+00
0.000000000000000000e+00
0.000000000000000000e+00
0.000000000000000000e+00
0.000000000000000000e+00
0.000000000000000000e+00
0.000000000000000000e+00
0.000000000000000000e+00
0.000000000000000000e+00
0.000000000000000000e+00
0.000000000000000000e+00
0.000000000000000000e+00
0.000000000000000000e+00
0.000000000000000000e+00
0.000000000000000000e+00
0.000000000000000000e+00
0.000000000000000000e+00
0.000000000000000000e+00
0.000000000000000000e+00
0.000000000000000000e+00
0.000000000000000000e+00
0.000000000000000000e+00
0.000000000000000000e+00
0.000000000000000000e+00
0.000000000000000000e+00
0.000000000000000000e+00
0.000000000000000000e+00
0.000000000000000000e+00
0.000000000000000000e+00
0.000000000000000000e+00
0.000000000000000000e+00
0.000000000000000000e+00
0.000000000000000000e+00
0.000000000000000000e+00
0.000000000000000000e+00
0.000000000000000000e+00
0.000000000000000000e+00
0.000000000000000000e+00
0.000000000000000000e+00
0.000000000000000000e+00
0.000000000000000000e+00
0.000000000000000000e+00
0.000000000000000000e+00
0.000000000000000000e+00
0.000000000000000000e+00
0.000000000000000000e+00
0.000000000000000000e+00
0.000000000000000000e+00
0.000000000000000000e+00
0.000000000000000000e+00
0.000000000000000000e+00
0.000000000000000000e+00
0.000000000000000000e+00
0.000000000000000000e+00
0.000000000000000000e+00
0.000000000000000000e+00
0.000000000000000000e+00
0.000000000000000000e+00
0.000000000000000000e+00
0.000000000000000000e+00
0.000000000000000000e+00
0.000000000000000000e+00
0.000000000000000000e+00
0.000000000000000000e+00
0.000000000000000000e+00
0.000000000000000000e+00
0.000000000000000000e+00
0.000000000000000000e+00
0.000000000000000000e+00
0.000000000000000000e+00
0.000000000000000000e+00
0.000000000000000000e+00
0.000000000000000000e+00
0.000000000000000000e+00
0.000000000000000000e+00
0.000000000000000000e+00
0.000000000000000000e+00
0.000000000000000000e+00
0.000000000000000000e+00
0.000000000000000000e+00
0.000000000000000000e+00
0.000000000000000000e+00
0.000000000000000000e+00
0.000000000000000000e+00
0.000000000000000000e+00
0.000000000000000000e+00
0.000000000000000000e+00
0.000000000000000000e+00
0.000000000000000000e+00
0.000000000000000000e+00
0.000000000000000000e+00
0.000000000000000000e+00
0.000000000000000000e+00
0.000000000000000000e+00
0.000000000000000000e+00
0.000000000000000000e+00
0.000000000000000000e+00
0.000000000000000000e+00
0.000000000000000000e+00
0.000000000000000000e+00
0.000000000000000000e+00
0.000000000000000000e+00
0.000000000000000000e+00
0.000000000000000000e+00
0.000000000000000000e+00
0.000000000000000000e+00
0.000000000000000000e+00
0.000000000000000000e+00
0.000000000000000000e+00
0.000000000000000000e+00
0.000000000000000000e+00
0.000000000000000000e+00
