7.117510323050443731e+03
7.116391086543537313e+03
7.115271767335263576e+03
7.114152365425622520e+03
7.113032880814614145e+03
7.111913313502238452e+03
7.110793663488495440e+03
7.109673930773385109e+03
7.108554115356907459e+03
7.107434217239062491e+03
7.106314236419850204e+03
7.105194172899270598e+03
7.104074026677323673e+03
7.102953797754009429e+03
7.101833486129327866e+03
7.100713091803279895e+03
7.099592614775863694e+03
7.098472055047080175e+03
7.097351412616929338e+03
7.096230687485412091e+03
7.095109879652526615e+03
7.093988989118273821e+03
7.092868015882654618e+03
7.091746959945667186e+03
7.090625821307313345e+03
7.089504599967591275e+03
7.088383295926502797e+03
7.087261909184046090e+03
7.086140439740222973e+03
7.085018887595031629e+03
7.083897252748473875e+03
7.082775535200548802e+03
7.081653734951255501e+03
7.080531852000595791e+03
7.079409886348568762e+03
7.078287837995173504e+03
7.077165706940411837e+03
7.076043493184282852e+03
7.074921196726786548e+03
7.073798817567922924e+03
7.072676355707691073e+03
7.071553811146092812e+03
7.070431183883127233e+03
7.069308473918794334e+03
7.068185681253094117e+03
7.067062805886026581e+03
7.065939847817591726e+03
7.064816807047789553e+03
7.063693683576620060e+03
7.062570477404083249e+03
7.061447188530179119e+03
7.060323816954908580e+03
7.059200362678269812e+03
7.058076825700263726e+03
7.056953206020890320e+03
7.055829503640149596e+03
7.054705718558042463e+03
7.053581850774567101e+03
7.052457900289724421e+03
7.051333867103515331e+03
7.050209751215938013e+03
7.049085552626993376e+03
7.047961271336682330e+03
7.046836907345003056e+03
7.045712460651957372e+03
7.044587931257543460e+03
7.043463319161763138e+03
7.042338624364614589e+03
7.041213846866099630e+03
7.040088986666216442e+03
7.038964043764966846e+03
7.037839018162349930e+03
7.036713909858364786e+03
7.035588718853013233e+03
7.034463445146294362e+03
7.033338088738208171e+03
7.032212649628753752e+03
7.031087127817932924e+03
7.029961523305744777e+03
7.028835836092189311e+03
7.027710066177266526e+03
7.026584213560976423e+03
7.025458278243319000e+03
7.024332260224294259e+03
7.023206159503902200e+03
7.022079976082142821e+03
7.020953709959016123e+03
7.019827361134522107e+03
7.018700929608660772e+03
7.017574415381432118e+03
7.016447818452836145e+03
7.015321138822872854e+03
7.014194376491542243e+03
7.013067531458845224e+03
7.011940603724779976e+03
7.010813593289347409e+03
7.009686500152547524e+03
7.008559324314381229e+03
7.007432065774846706e+03
7.006304724533944864e+03
7.005177300591676612e+03
7.004049793948040133e+03
7.002922204603037244e+03
7.001794532556666127e+03
7.000666777808928600e+03
6.999538940359822845e+03
6.998411020209350681e+03
6.997283017357510289e+03
6.996154931804303487e+03
6.995026763549729367e+03
6.993898512593787018e+03
6.992770178936478260e+03
6.991641762577802183e+03
6.990513263517757878e+03
6.989384681756347163e+03
6.988256017293569130e+03
6.987127270129423778e+03
6.985998440263910197e+03
6.984869527697030207e+03
6.983740532428782899e+03
6.982611454459168272e+03
6.981482293788186325e+03
6.980353050415837060e+03
6.979223724342120477e+03
6.978094315567036574e+03
6.976964824090585353e+03
6.975835249912766812e+03
6.974705593033580953e+03
6.973575853453027776e+03
6.972446031171107279e+03
6.971316126187820373e+03
6.970186138503165239e+03
6.969056068117142786e+03
6.967925915029753014e+03
6.966795679240996833e+03
6.965665360750872424e+03
6.964534959559380695e+03
6.963404475666521648e+03
6.962273909072296192e+03
6.961143259776702507e+03
6.960012527779742413e+03
6.958881713081414091e+03
6.957750815681719359e+03
6.956619835580656400e+03
6.955488772778227030e+03
6.954357627274429433e+03
6.953226399069265426e+03
6.952095088162733191e+03
6.950963694554834547e+03
6.949832218245568583e+03
6.948700659234934392e+03
6.947569017522933791e+03
6.946437293109565871e+03
6.945305485994829723e+03
6.944173596178727166e+03
6.943041623661257290e+03
6.941909568442420095e+03
6.940777430522215582e+03
6.939645209900643749e+03
6.938512906577703689e+03
6.937380520553397218e+03
6.936248051827723430e+03
6.935115500400682322e+03
6.933982866272273895e+03
6.932850149442498150e+03
6.931717349911355086e+03
6.930584467678845613e+03
6.929451502744967911e+03
6.928318455109722890e+03
6.927185324773110551e+03
6.926052111735130893e+03
6.924918815995783916e+03
6.923785437555070530e+03
6.922651976412988915e+03
6.921518432569539982e+03
6.920384806024723730e+03
6.919251096778541068e+03
6.918117304830990179e+03
6.916983430182072880e+03
6.915849472831787352e+03
6.914715432780134506e+03
6.913581310027115251e+03
6.912447104572727767e+03
6.911312816416973874e+03
6.910178445559851752e+03
6.909043992001363222e+03
6.907909455741507372e+03
6.906774836780283295e+03
6.905640135117692807e+03
6.904505350753735001e+03
6.903370483688408967e+03
6.902235533921716524e+03
6.901100501453656761e+03
6.899965386284229680e+03
6.898830188413434371e+03
6.897694907841272652e+03
6.896559544567743615e+03
6.895424098592847258e+03
6.894288569916583583e+03
6.893152958538952589e+03
6.892017264459954276e+03
6.890881487679588645e+03
6.889745628197855694e+03
6.888609686014755425e+03
6.887473661130287837e+03
6.886337553544452931e+03
6.885201363257250705e+03
6.884065090268681161e+03
6.882928734578744297e+03
6.881792296187441025e+03
6.880655775094769524e+03
6.879519171300730704e+03
6.878382484805324566e+03
6.877245715608552018e+03
6.876108863710411242e+03
6.874971929110903147e+03
6.873834911810028643e+03
6.872697811807785911e+03
6.871560629104175860e+03
6.870423363699199399e+03
6.869286015592854710e+03
6.868148584785143612e+03
6.867011071276064285e+03
6.865873475065618550e+03
6.864735796153804586e+03
6.863598034540624212e+03
6.862460190226076520e+03
6.861322263210160600e+03
6.860184253492878270e+03
6.859046161074228621e+03
6.857907985954210744e+03
6.856769728132826458e+03
6.855631387610074853e+03
6.854492964385955929e+03
6.853354458460469687e+03
6.852215869833615216e+03
6.851077198505394335e+03
6.849938444475806136e+03
6.848799607744850618e+03
6.847660688312527782e+03
6.846521686178837626e+03
6.845382601343780152e+03
6.844243433807355359e+03
6.843104183569563247e+03
6.841964850630403816e+03
6.840825434989877067e+03
6.839685936647983908e+03
6.838546355604722521e+03
6.837406691860093815e+03
6.836266945414097790e+03
6.835127116266734447e+03
6.833987204418004694e+03
6.832847209867906713e+03
6.831707132616441413e+03
6.830566972663609704e+03
6.829426730009409766e+03
6.828286404653842510e+03
6.827145996596908844e+03
6.826005505838606950e+03
6.824864932378938647e+03
6.823724276217902116e+03
6.822583537355499175e+03
6.821442715791728006e+03
6.820301811526590427e+03
6.819160824560084620e+03
6.818019754892212404e+03
6.816878602522972869e+03
6.815737367452365106e+03
6.814596049680390934e+03
6.813454649207049442e+03
6.812313166032339723e+03
6.811171600156263594e+03
6.810029951578820146e+03
6.808888220300009380e+03
6.807746406319831294e+03
6.806604509638285890e+03
6.805462530255372258e+03
6.804320468171092216e+03
6.803178323385444855e+03
6.802036095898430176e+03
6.800893785710048178e+03
6.799751392820298861e+03
6.798608917229182225e+03
6.797466358936699180e+03
6.796323717942847907e+03
6.795180994247629314e+03
6.794038187851043403e+03
6.792895298753090174e+03
6.791752326953769625e+03
6.790609272453082667e+03
6.789466135251027481e+03
6.788322915347604976e+03
6.787179612742815152e+03
6.786036227436658919e+03
6.784892759429134458e+03
6.783749208720243587e+03
6.782605575309984488e+03
6.781461859198358070e+03
6.780318060385365243e+03
6.779174178871004187e+03
6.778030214655276723e+03
6.776886167738181030e+03
6.775742038119718927e+03
6.774597825799889506e+03
6.773453530778691857e+03
6.772309153056127798e+03
6.771164692632196420e+03
6.770020149506896814e+03
6.768875523680230799e+03
6.767730815152197465e+03
6.766586023922796812e+03
6.765441149992027931e+03
6.764296193359892641e+03
6.763151154026390032e+03
6.762006031991520103e+03
6.760860827255282857e+03
6.759715539817678291e+03
6.758570169678706407e+03
6.757424716838367203e+03
6.756279181296660681e+03
6.755133563053586840e+03
6.753987862109145681e+03
6.752842078463337202e+03
6.751696212116161405e+03
6.750550263067618289e+03
6.749404231317707854e+03
6.748258116866430100e+03
6.747111919713785937e+03
6.745965639859773546e+03
6.744819277304393836e+03
6.743672832047646807e+03
6.742526304089533369e+03
6.741379693430051702e+03
6.740233000069202717e+03
6.739086224006987322e+03
6.737939365243403699e+03
6.736792423778453667e+03
6.735645399612135407e+03
6.734498292744450737e+03
6.733351103175397839e+03
6.732203830904978531e+03
6.731056475933190995e+03
6.729909038260037050e+03
6.728761517885514877e+03
6.727613914809626294e+03
6.726466229032370393e+03
6.725318460553746263e+03
6.724170609373755724e+03
6.723022675492397866e+03
6.721874658909672689e+03
6.720726559625580194e+03
6.719578377640119470e+03
6.718430112953292337e+03
6.717281765565097885e+03
6.716133335475536114e+03
6.714984822684607025e+03
6.713836227192310616e+03
6.712687548998646889e+03
6.711538788103615843e+03
6.710389944507217479e+03
6.709241018209451795e+03
6.708092009210318793e+03
6.706942917509818471e+03
6.705793743107950831e+03
6.704644486004715873e+03
6.703495146200114505e+03
6.702345723694144908e+03
6.701196218486807993e+03
6.700046630578103759e+03
6.698896959968033116e+03
6.697747206656594244e+03
6.696597370643788054e+03
6.695447451929615454e+03
6.694297450514074626e+03
6.693147366397166479e+03
6.691997199578891923e+03
6.690846950059249139e+03
6.689696617838239945e+03
6.688546202915862523e+03
6.687395705292118691e+03
6.686245124967006632e+03
6.685094461940528163e+03
6.683943716212682375e+03
6.682792887783468359e+03
6.681641976652887934e+03
6.680490982820940189e+03
6.679339906287624217e+03
6.678188747052941835e+03
6.677037505116892135e+03
6.675886180479475115e+03
6.674734773140689867e+03
6.673583283100538210e+03
6.672431710359019235e+03
6.671280054916132940e+03
6.670128316771879327e+03
6.668976495926258394e+03
6.667824592379270143e+03
6.666672606130914573e+03
6.665520537181191685e+03
6.664368385530101477e+03
6.663216151177643951e+03
6.662063834123819106e+03
6.660911434368626942e+03
6.659758951912068369e+03
6.658606386754141568e+03
6.657453738894847447e+03
6.656301008334186008e+03
6.655148195072157250e+03
6.653995299108762083e+03
6.652842320443998688e+03
6.651689259077867973e+03
6.650536115010370850e+03
6.649382888241505498e+03
6.648229578771273736e+03
6.647076186599673747e+03
6.645922711726706439e+03
6.644769154152372721e+03
6.643615513876670775e+03
6.642461790899602420e+03
6.641307985221166746e+03
6.640154096841362843e+03
6.639000125760192532e+03
6.637846071977653992e+03
6.636691935493749043e+03
6.635537716308476774e+03
6.634383414421837188e+03
6.633229029833829372e+03
6.632074562544455148e+03
6.630920012553713605e+03
6.629765379861604742e+03
6.628610664468128562e+03
6.627455866373284152e+03
6.626300985577073334e+03
6.625146022079495197e+03
6.623990975880549740e+03
6.622835846980236965e+03
6.621680635378556872e+03
6.620525341075509459e+03
6.619369964071094728e+03
6.618214504365312678e+03
6.617058961958163309e+03
6.615903336849647530e+03
6.614747629039763524e+03
6.613591838528512199e+03
6.612435965315893554e+03
6.611280009401907591e+03
6.610123970786555219e+03
6.608967849469834619e+03
6.607811645451746699e+03
6.606655358732292370e+03
6.605498989311469813e+03
6.604342537189279938e+03
6.603186002365723652e+03
6.602029384840799139e+03
6.600872684614508216e+03
6.599715901686849065e+03
6.598559036057823505e+03
6.597402087727429716e+03
6.596245056695669518e+03
6.595087942962541092e+03
6.593930746528046257e+03
6.592773467392184102e+03
6.591616105554953720e+03
6.590458661016356928e+03
6.589301133776392817e+03
6.588143523835060478e+03
6.586985831192361729e+03
6.585828055848295662e+03
6.584670197802862276e+03
6.583512257056061571e+03
6.582354233607893548e+03
6.581196127458357296e+03
6.580037938607454635e+03
6.578879667055184655e+03
6.577721312801547356e+03
6.576562875846542738e+03
6.575404356190170802e+03
6.574245753832431546e+03
6.573087068773325882e+03
6.571928301012851080e+03
6.570769450551010777e+03
6.569610517387802247e+03
6.568451501523226398e+03
6.567292402957283230e+03
6.566133221689972743e+03
6.564973957721295847e+03
6.563814611051250722e+03
6.562655181679838279e+03
6.561495669607059426e+03
6.560336074832912345e+03
6.559176397357397946e+03
6.558016637180517137e+03
6.556856794302268099e+03
6.555696868722652653e+03
6.554536860441668978e+03
6.553376769459318893e+03
6.552216595775600581e+03
6.551056339390515859e+03
6.549896000304062909e+03
6.548735578516243550e+03
6.547575074027056871e+03
6.546414486836501965e+03
6.545253816944580649e+03
6.544093064351292014e+03
6.542932229056636061e+03
6.541771311060611879e+03
6.540610310363221288e+03
6.539449226964463378e+03
6.538288060864338149e+03
6.537126812062845602e+03
6.535965480559984826e+03
6.534804066355757641e+03
6.533642569450163137e+03
6.532480989843201314e+03
6.531319327534872173e+03
6.530157582525175712e+03
6.528995754814111933e+03
6.527833844401680835e+03
6.526671851287883328e+03
6.525509775472717592e+03
6.524347616956184538e+03
6.523185375738284165e+03
6.522023051819016473e+03
6.520860645198381462e+03
6.519698155876380042e+03
6.518535583853010394e+03
6.517372929128273427e+03
6.516210191702170050e+03
6.515047371574698445e+03
6.513884468745859522e+03
6.512721483215654189e+03
6.511558414984080628e+03
6.510395264051140657e+03
6.509232030416832458e+03
6.508068714081157850e+03
6.506905315044115014e+03
6.505741833305705768e+03
6.504578268865928294e+03
6.503414621724784411e+03
6.502250891882273208e+03
6.501087079338393778e+03
6.499923184093147938e+03
6.498759206146534780e+03
6.497595145498553393e+03
6.496431002149205597e+03
6.495266776098490482e+03
6.494102467346408048e+03
6.492938075892958295e+03
6.491773601738141224e+03
6.490609044881955924e+03
6.489444405324404215e+03
6.488279683065485187e+03
6.487114878105198841e+03
6.485949990443545175e+03
6.484785020080524191e+03
6.483619967016135888e+03
6.482454831250381176e+03
6.481289612783258235e+03
6.480124311614767976e+03
6.478958927744910397e+03
6.477793461173685500e+03
6.476627911901093285e+03
6.475462279927134659e+03
6.474296565251807806e+03
6.473130767875113634e+03
6.471964887797052143e+03
6.470798925017624242e+03
6.469632879536828113e+03
6.468466751354664666e+03
6.467300540471134809e+03
6.466134246886236724e+03
6.464967870599972230e+03
6.463801411612339507e+03
6.462634869923340375e+03
6.461468245532973015e+03
6.460301538441239245e+03
6.459134748648137247e+03
6.457967876153668840e+03
6.456800920957833114e+03
6.455633883060629159e+03
6.454466762462058796e+03
6.453299559162121113e+03
6.452132273160816112e+03
6.450964904458142883e+03
6.449797453054103244e+03
6.448629918948696286e+03
6.447462302141922009e+03
6.446294602633779505e+03
6.445126820424271500e+03
6.443958955513394358e+03
6.442791007901150806e+03
6.441622977587539935e+03
6.440454864572561746e+03
6.439286668856216238e+03
6.438118390438503411e+03
6.436950029319423265e+03
6.435781585498976710e+03
6.434613058977161927e+03
6.433444449753979825e+03
6.432275757829430404e+03
6.431106983203513664e+03
6.429938125876229606e+03
6.428769185847579138e+03
6.427600163117560442e+03
6.426431057686174427e+03
6.425261869553422002e+03
6.424092598719301350e+03
6.422923245183813378e+03
6.421753808946958998e+03
6.420584290008736389e+03
6.419414688369147370e+03
6.418245004028190124e+03
6.417075236985866468e+03
6.415905387242174584e+03
6.414735454797116290e+03
6.413565439650689768e+03
6.412395341802896837e+03
6.411225161253736587e+03
6.410054898003208109e+03
6.408884552051313221e+03
6.407714123398051015e+03
6.406543612043420580e+03
6.405373017987423736e+03
6.404202341230059574e+03
6.403031581771328092e+03
6.401860739611229292e+03
6.400689814749763173e+03
6.399518807186928825e+03
6.398347716922728068e+03
6.397176543957159993e+03
6.396005288290224598e+03
6.394833949921921885e+03
6.393662528852251853e+03
6.392491025081214502e+03
6.391319438608810742e+03
6.390147769435038754e+03
6.388976017559899446e+03
6.387804182983392820e+03
6.386632265705518876e+03
6.385460265726277612e+03
6.384288183045669939e+03
6.383116017663694038e+03
6.381943769580350818e+03
6.380771438795640279e+03
6.379599025309563331e+03
6.378426529122118154e+03
6.377253950233305659e+03
6.376081288643126754e+03
6.374908544351579621e+03
6.373735717358666079e+03
6.372562807664384309e+03
6.371389815268736129e+03
6.370216740171719721e+03
6.369043582373336903e+03
6.367870341873585858e+03
6.366697018672468403e+03
6.365523612769983629e+03
6.364350124166130627e+03
6.363176552860911215e+03
6.362002898854324485e+03
6.360829162146369526e+03
6.359655342737048159e+03
6.358481440626359472e+03
6.357307455814303466e+03
6.356133388300880142e+03
6.354959238086088590e+03
6.353785005169930628e+03
6.352610689552405347e+03
6.351436291233512748e+03
6.350261810213252829e+03
6.349087246491625592e+03
6.347912600068631036e+03
6.346737870944269162e+03
6.345563059118539968e+03
6.344388164591444365e+03
6.343213187362980534e+03
6.342038127433149384e+03
6.340862984801950915e+03
6.339687759469385128e+03
6.338512451435452022e+03
6.337337060700152506e+03
6.336161587263484762e+03
6.334986031125449699e+03
6.333810392286048227e+03
6.332634670745278527e+03
6.331458866503141508e+03
6.330282979559638079e+03
6.329107009914766422e+03
6.327930957568527447e+03
6.326754822520922062e+03
6.325578604771948449e+03
6.324402304321608426e+03
6.323225921169901085e+03
6.322049455316825515e+03
6.320872906762383536e+03
6.319696275506573329e+03
6.318519561549396713e+03
6.317342764890852777e+03
6.316165885530941523e+03
6.314988923469662041e+03
6.313811878707016149e+03
6.312634751243002938e+03
6.311457541077622409e+03
6.310280248210873651e+03
6.309102872642758484e+03
6.307925414373275999e+03
6.306747873402426194e+03
6.305570249730209071e+03
6.304392543356624628e+03
6.303214754281672867e+03
6.302036882505353788e+03
6.300858928027667389e+03
6.299680890848613672e+03
6.298502770968192635e+03
6.297324568386404280e+03
6.296146283103249516e+03
6.294967915118726523e+03
6.293789464432836212e+03
6.292610931045578582e+03
6.291432314956953633e+03
6.290253616166962274e+03
6.289074834675602688e+03
6.287895970482875782e+03
6.286717023588782467e+03
6.285537993993320924e+03
6.284358881696492972e+03
6.283179686698296791e+03
6.282000408998733292e+03
6.280821048597803383e+03
6.279641605495505246e+03
6.278462079691840700e+03
6.277282471186808834e+03
6.276102779980408741e+03
6.274923006072642238e+03
6.273743149463507507e+03
6.272563210153006366e+03
6.271383188141137907e+03
6.270203083427901220e+03
6.269022896013298123e+03
6.267842625897327707e+03
6.266662273079989973e+03
6.265481837561284920e+03
6.264301319341211638e+03
6.263120718419771947e+03
6.261940034796964937e+03
6.260759268472790609e+03
6.259578419447248962e+03
6.258397487720339996e+03
6.257216473292063711e+03
6.256035376162420107e+03
6.254854196331409184e+03
6.253672933799030943e+03
6.252491588565285383e+03
6.251310160630172504e+03
6.250128649993692306e+03
6.248947056655845699e+03
6.247765380616630864e+03
6.246583621876048710e+03
6.245401780434099237e+03
6.244219856290783355e+03
6.243037849446099244e+03
6.241855759900047815e+03
6.240673587652629067e+03
6.239491332703843909e+03
6.238308995053690523e+03
6.237126574702170728e+03
6.235944071649282705e+03
6.234761485895028272e+03
6.233578817439405611e+03
6.232396066282416541e+03
6.231213232424059242e+03
6.230030315864335535e+03
6.228847316603243598e+03
6.227664234640785253e+03
6.226481069976959589e+03
6.225297822611765696e+03
6.224114492545205394e+03
6.222931079777277773e+03
6.221747584307982834e+03
6.220564006137319666e+03
6.219380345265290089e+03
6.218196601691893193e+03
6.217012775417128978e+03
6.215828866440997444e+03
6.214644874763498592e+03
6.213460800384632421e+03
6.212276643304398931e+03
6.211092403522798122e+03
6.209908081039829995e+03
6.208723675855494548e+03
6.207539187969791783e+03
6.206354617382721699e+03
6.205169964094284296e+03
6.203985228104479575e+03
6.202800409413307534e+03
6.201615508020769084e+03
6.200430523926862406e+03
6.199245457131588410e+03
6.198060307634947094e+03
6.196875075436939369e+03
6.195689760537563416e+03
6.194504362936820144e+03
6.193318882634710462e+03
6.192133319631232553e+03
6.190947673926388234e+03
6.189761945520175686e+03
6.188576134412596730e+03
6.187390240603649545e+03
6.186204264093335951e+03
6.185018204881654128e+03
6.183832062968605896e+03
6.182645838354189436e+03
6.181459531038406567e+03
6.180273141021256379e+03
6.179086668302737962e+03
6.177900112882853136e+03
6.176713474761600992e+03
6.175526753938980619e+03
6.174339950414993837e+03
6.173153064189639736e+03
6.171966095262918316e+03
6.170779043634829577e+03
6.169591909305373520e+03
6.168404692274550143e+03
6.167217392542359448e+03
6.166030010108801434e+03
6.164842544973875192e+03
6.163654997137582541e+03
6.162467366599923480e+03
6.161279653360896191e+03
6.160091857420501583e+03
6.158903978778739656e+03
6.157716017435610411e+03
6.156527973391113846e+03
6.155339846645249963e+03
6.154151637198019671e+03
6.152963345049421150e+03
6.151774970199455311e+03
6.150586512648122152e+03
6.149397972395422585e+03
6.148209349441354789e+03
6.147020643785919674e+03
6.145831855429118150e+03
6.144642984370948398e+03
6.143454030611412236e+03
6.142264994150507846e+03
6.141075874988237047e+03
6.139886673124598019e+03
6.138697388559592582e+03
6.137508021293218917e+03
6.136318571325478842e+03
6.135129038656371449e+03
6.133939423285895828e+03
6.132749725214053797e+03
6.131559944440844447e+03
6.130370080966267778e+03
6.129180134790322882e+03
6.127990105913011575e+03
6.126799994334332951e+03
6.125609800054287007e+03
6.124419523072872835e+03
6.123229163390092253e+03
6.122038721005944353e+03
6.120848195920429134e+03
6.119657588133546597e+03
6.118466897645296740e+03
6.117276124455679565e+03
6.116085268564695070e+03
6.114894329972343257e+03
6.113703308678625035e+03
6.112512204683538585e+03
6.111321017987084815e+03
6.110129748589263727e+03
6.108938396490075320e+03
6.107746961689519594e+03
6.106555444187597459e+03
6.105363843984307096e+03
6.104172161079649413e+03
6.102980395473625322e+03
6.101788547166233002e+03
6.100596616157473363e+03
6.099404602447347315e+03
6.098212506035853039e+03
6.097020326922991444e+03
6.095828065108763440e+03
6.094635720593167207e+03
6.093443293376204565e+03
6.092250783457873695e+03
6.091058190838176415e+03
6.089865515517111817e+03
6.088672757494678990e+03
6.087479916770879754e+03
6.086286993345713199e+03
6.085093987219179326e+03
6.083900898391277224e+03
6.082707726862008712e+03
6.081514472631371973e+03
6.080321135699368824e+03
6.079127716065998356e+03
6.077934213731260570e+03
6.076740628695155465e+03
6.075546960957683041e+03
6.074353210518843298e+03
6.073159377378636236e+03
6.071965461537061856e+03
6.070771462994120157e+03
6.069577381749811138e+03
6.068383217804134802e+03
6.067188971157091146e+03
6.065994641808680171e+03
6.064800229758901878e+03
6.063605735007757175e+03
6.062411157555244245e+03
6.061216497401363995e+03
6.060021754546116426e+03
6.058826928989501539e+03
6.057632020731520242e+03
6.056437029772170717e+03
6.055241956111454783e+03
6.054046799749370621e+03
6.052851560685919139e+03
6.051656238921101249e+03
6.050460834454915130e+03
6.049265347287362601e+03
6.048069777418441845e+03
6.046874124848154679e+03
6.045678389576499285e+03
6.044482571603477481e+03
6.043286670929088359e+03
6.042090687553331009e+03
6.040894621476207249e+03
6.039698472697715260e+03
6.038502241217856863e+03
6.037305927036631147e+03
6.036109530154037202e+03
6.034913050570076848e+03
6.033716488284749175e+03
6.032519843298054184e+03
6.031323115609991873e+03
6.030126305220562244e+03
6.028929412129764387e+03
6.027732436337601030e+03
6.026535377844069444e+03
6.025338236649170540e+03
6.024141012752903407e+03
6.022943706155270775e+03
6.021746316856269914e+03
6.020548844855901734e+03
6.019351290154166236e+03
6.018153652751063419e+03
6.016955932646593283e+03
6.015758129840756737e+03
6.014560244333551964e+03
6.013362276124979871e+03
6.012164225215040460e+03
6.010966091603733730e+03
6.009767875291060591e+03
6.008569576277019223e+03
6.007371194561610537e+03
6.006172730144835441e+03
6.004974183026692117e+03
6.003775553207182384e+03
6.002576840686304422e+03
6.001378045464060051e+03
6.000179167540447452e+03
5.998980206915468443e+03
5.997781163589121206e+03
5.996582037561407560e+03
5.995382828832325686e+03
5.994183537401877402e+03
5.992984163270061799e+03
5.991784706436877968e+03
5.990585166902328638e+03
5.989385544666410169e+03
5.988185839729125291e+03
5.986986052090473095e+03
5.985786181750452670e+03
5.984586228709065836e+03
5.983386192966311683e+03
5.982186074522191120e+03
5.980985873376701420e+03
5.979785589529845311e+03
5.978585222981621882e+03
5.977384773732031135e+03
5.976184241781073069e+03
5.974983627128747685e+03
5.973782929775054981e+03
5.972582149719995869e+03
5.971381286963568527e+03
5.970180341505773868e+03
5.968979313346611889e+03
5.967778202486082591e+03
5.966577008924186885e+03
5.965375732660922949e+03
5.964174373696291696e+03
5.962972932030294032e+03
5.961771407662928141e+03
5.960569800594194930e+03
5.959368110824094401e+03
5.958166338352627463e+03
5.956964483179792296e+03
5.955762545305590720e+03
5.954560524730020916e+03
5.953358421453084702e+03
5.952156235474780260e+03
5.950953966795109409e+03
5.949751615414070329e+03
5.948549181331664840e+03
5.947346664547892033e+03
5.946144065062751906e+03
5.944941382876244461e+03
5.943738617988368787e+03
5.942535770399126704e+03
5.941332840108516393e+03
5.940129827116539673e+03
5.938926731423195633e+03
5.937723553028484275e+03
5.936520291932405598e+03
5.935316948134959603e+03
5.934113521636146288e+03
5.932910012435965655e+03
5.931706420534417703e+03
5.930502745931502432e+03
5.929298988627219842e+03
5.928095148621569933e+03
5.926891225914552706e+03
5.925687220506168160e+03
5.924483132396416295e+03
5.923278961585298021e+03
5.922074708072810608e+03
5.920870371858957697e+03
5.919665952943736556e+03
5.918461451327148097e+03
5.917256867009193229e+03
5.916052199989870132e+03
5.914847450269179717e+03
5.913642617847122892e+03
5.912437702723697839e+03
5.911232704898905467e+03
5.910027624372746686e+03
5.908822461145219677e+03
5.907617215216326258e+03
5.906411886586065521e+03
5.905206475254436555e+03
5.904000981221441180e+03
5.902795404487077576e+03
5.901589745051347563e+03
5.900384002914250232e+03
5.899178178075784672e+03
5.897972270535952703e+03
5.896766280294752505e+03
5.895560207352185898e+03
5.894354051708251973e+03
5.893147813362950728e+03
5.891941492316282165e+03
5.890735088568246283e+03
5.889528602118842173e+03
5.888322032968071653e+03
5.887115381115933815e+03
5.885908646562429567e+03
5.884701829307556181e+03
5.883494929351316387e+03
5.882287946693710182e+03
5.881080881334734840e+03
5.879873733274393089e+03
5.878666502512684019e+03
5.877459189049608540e+03
5.876251792885164832e+03
5.875044314019353806e+03
5.873836752452175460e+03
5.872629108183629796e+03
5.871421381213717723e+03
5.870213571542437421e+03
5.869005679169789801e+03
5.867797704095775771e+03
5.866589646320393513e+03
5.865381505843644845e+03
5.864173282665527950e+03
5.862964976786044645e+03
5.861756588205193111e+03
5.860548116922975169e+03
5.859339562939388998e+03
5.858130926254436417e+03
5.856922206868115609e+03
5.855713404780428391e+03
5.854504519991372945e+03
5.853295552500951089e+03
5.852086502309161006e+03
5.850877369416004512e+03
5.849668153821480701e+03
5.848458855525589570e+03
5.847249474528331120e+03
5.846040010829704443e+03
5.844830464429711355e+03
5.843620835328350950e+03
5.842411123525623225e+03
5.841201329021528181e+03
5.839991451816065819e+03
5.838781491909236138e+03
5.837571449301039138e+03
5.836361323991474819e+03
5.835151115980543182e+03
5.833940825268244225e+03
5.832730451854577950e+03
5.831519995739544356e+03
5.830309456923143443e+03
5.829098835405375212e+03
5.827888131186240571e+03
5.826677344265737702e+03
5.825466474643867514e+03
5.824255522320630007e+03
5.823044487296026091e+03
5.821833369570053947e+03
5.820622169142714483e+03
5.819410886014008611e+03
5.818199520183934510e+03
5.816988071652493090e+03
5.815776540419685261e+03
5.814564926485509204e+03
5.813353229849966738e+03
5.812141450513056043e+03
5.810929588474778939e+03
5.809717643735133606e+03
5.808505616294121864e+03
5.807293506151742804e+03
5.806081313307995515e+03
5.804869037762881817e+03
5.803656679516400800e+03
5.802444238568552464e+03
5.801231714919335900e+03
5.800019108568752927e+03
5.798806419516802634e+03
5.797593647763485023e+03
5.796380793308799184e+03
5.795167856152747845e+03
5.793954836295327368e+03
5.792741733736540482e+03
5.791528548476386277e+03
5.790315280514864753e+03
5.789101929851975910e+03
5.787888496487719749e+03
5.786674980422096269e+03
5.785461381655106379e+03
5.784247700186748261e+03
5.783033936017022825e+03
5.781820089145930069e+03
5.780606159573469995e+03
5.779392147299642602e+03
5.778178052324448799e+03
5.776963874647886769e+03
5.775749614269957419e+03
5.774535271190660751e+03
5.773320845409997673e+03
5.772106336927966368e+03
5.770891745744567743e+03
5.769677071859802709e+03
5.768462315273669446e+03
5.767247475986169775e+03
5.766032553997301875e+03
5.764817549307067566e+03
5.763602461915465028e+03
5.762387291822496081e+03
5.761172039028159816e+03
5.759956703532455322e+03
5.758741285335384418e+03
5.757525784436946196e+03
5.756310200837139746e+03
5.755094534535966886e+03
5.753878785533426708e+03
5.752662953829518301e+03
5.751447039424243485e+03
5.750231042317601350e+03
5.749014962509591896e+03
5.747798800000215124e+03
5.746582554789471033e+03
5.745366226877359622e+03
5.744149816263880894e+03
5.742933322949034846e+03
5.741716746932821479e+03
5.740500088215240794e+03
5.739283346796292790e+03
5.738066522675977467e+03
5.736849615854294825e+03
5.735632626331244865e+03
5.734415554106827585e+03
5.733198399181042987e+03
5.731981161553891980e+03
5.730763841225372744e+03
5.729546438195486189e+03
5.728328952464233225e+03
5.727111384031612033e+03
5.725893732897623522e+03
5.724675999062268602e+03
5.723458182525545453e+03
5.722240283287454986e+03
5.721022301347998109e+03
5.719804236707173004e+03
5.718586089364981490e+03
5.717367859321421747e+03
5.716149546576495595e+03
5.714931151130201215e+03
5.713712672982540425e+03
5.712494112133512317e+03
5.711275468583116890e+03
5.710056742331353234e+03
5.708837933378223170e+03
5.707619041723724877e+03
5.706400067367860174e+03
5.705181010310628153e+03
5.703961870552028813e+03
5.702742648092062154e+03
5.701523342930728177e+03
5.700303955068025971e+03
5.699084484503957356e+03
5.697864931238521422e+03
5.696645295271718169e+03
5.695425576603547597e+03
5.694205775234009707e+03
5.692985891163104498e+03
5.691765924390831970e+03
5.690545874917192123e+03
5.689325742742184957e+03
5.688105527865811382e+03
5.686885230288069579e+03
5.685664850008960457e+03
5.684444387028484016e+03
5.683223841346640256e+03
5.682003212963429178e+03
5.680782501878851690e+03
5.679561708092905974e+03
5.678340831605593849e+03
5.677119872416913495e+03
5.675898830526865822e+03
5.674677705935451741e+03
5.673456498642669430e+03
5.672235208648520711e+03
5.671013835953003763e+03
5.669792380556120406e+03
5.668570842457868821e+03
5.667349221658250826e+03
5.666127518157264603e+03
5.664905731954911971e+03
5.663683863051192020e+03
5.662461911446103841e+03
5.661239877139649252e+03
5.660017760131827345e+03
5.658795560422637209e+03
5.657573278012080664e+03
5.656350912900156800e+03
5.655128465086865617e+03
5.653905934572207116e+03
5.652683321356180386e+03
5.651460625438788156e+03
5.650237846820027698e+03
5.649014985499899012e+03
5.647792041478403917e+03
5.646569014755541502e+03
5.645345905331312679e+03
5.644122713205715627e+03
5.642899438378750347e+03
5.641676080850419567e+03
5.640452640620720558e+03
5.639229117689654231e+03
5.638005512057220585e+03
5.636781823723419620e+03
5.635558052688252246e+03
5.634334198951716644e+03
5.633110262513813723e+03
5.631886243374543483e+03
5.630662141533906834e+03
5.629437956991901956e+03
5.628213689748530669e+03
5.626989339803791154e+03
5.625764907157685229e+03
5.624540391810211077e+03
5.623315793761370514e+03
5.622091113011161724e+03
5.620866349559586524e+03
5.619641503406643096e+03
5.618416574552333259e+03
5.617191562996655193e+03
5.615966468739610718e+03
5.614741291781198015e+03
5.613516032121418903e+03
5.612290689760272471e+03
5.611065264697758721e+03
5.609839756933877652e+03
5.608614166468628355e+03
5.607388493302012648e+03
5.606162737434029623e+03
5.604936898864679279e+03
5.603710977593961616e+03
5.602484973621876634e+03
5.601258886948424333e+03
5.600032717573604714e+03
5.598806465497417776e+03
5.597580130719863519e+03
5.596353713240941943e+03
5.595127213060653048e+03
5.593900630178996835e+03
5.592673964595973302e+03
5.591447216311582451e+03
5.590220385325825191e+03
5.588993471638699702e+03
5.587766475250206895e+03
5.586539396160346769e+03
5.585312234369119324e+03
5.584084989876525469e+03
5.582857662682563387e+03
5.581630252787233985e+03
5.580402760190538174e+03
5.579175184892474135e+03
5.577947526893043687e+03
5.576719786192245010e+03
5.575491962790079924e+03
5.574264056686546610e+03
5.573036067881646886e+03
5.571807996375378934e+03
5.570579842167744573e+03
5.569351605258742893e+03
5.568123285648372985e+03
5.566894883336636667e+03
5.565666398323533031e+03
5.564437830609061166e+03
5.563209180193222892e+03
5.561980447076017299e+03
5.560751631257444387e+03
5.559522732737503247e+03
5.558293751516195698e+03
5.557064687593520830e+03
5.555835540969478643e+03
5.554606311644069137e+03
5.553376999617292313e+03
5.552147604889148170e+03
5.550918127459636707e+03
5.549688567328757927e+03
5.548458924496511827e+03
5.547229198962898408e+03
5.545999390727917671e+03
5.544769499791569615e+03
5.543539526153855149e+03
5.542309469814772456e+03
5.541079330774322443e+03
5.539849109032505112e+03
5.538618804589321371e+03
5.537388417444769402e+03
5.536157947598850114e+03
5.534927395051563508e+03
5.533696759802910492e+03
5.532466041852889248e+03
5.531235241201501594e+03
5.530004357848745713e+03
5.528773391794622512e+03
5.527542343039132902e+03
5.526311211582275064e+03
5.525079997424050816e+03
5.523848700564458341e+03
5.522617321003499455e+03
5.521385858741173251e+03
5.520154313777478819e+03
5.518922686112417978e+03
5.517690975745989817e+03
5.516459182678194338e+03
5.515227306909031540e+03
5.513995348438500514e+03
5.512763307266603078e+03
5.511531183393338324e+03
5.510298976818705341e+03
5.509066687542706859e+03
5.507834315565339239e+03
5.506601860886605209e+03
5.505369323506503861e+03
5.504136703425035194e+03
5.502904000642199208e+03
5.501671215157995903e+03
5.500438346972425279e+03
5.499205396085488246e+03
5.497972362497182985e+03
5.496739246207510405e+03
5.495506047216470506e+03
5.494272765524063288e+03
5.493039401130288752e+03
5.491805954035147806e+03
5.490572424238638632e+03
5.489338811740762139e+03
5.488105116541518328e+03
5.486871338640908107e+03
5.485637478038929657e+03
5.484403534735583889e+03
5.483169508730871712e+03
5.481935400024791306e+03
5.480701208617344491e+03
5.479466934508529448e+03
5.478232577698347995e+03
5.476998138186798315e+03
5.475763615973882224e+03
5.474529011059597906e+03
5.473294323443947178e+03
5.472059553126928222e+03
5.470824700108543766e+03
5.469589764388790172e+03
5.468354745967670169e+03
5.467119644845182847e+03
5.465884461021327297e+03
5.464649194496105338e+03
5.463413845269516059e+03
5.462178413341559462e+03
5.460942898712235547e+03
5.459707301381544312e+03
5.458471621349484849e+03
5.457235858616058977e+03
5.456000013181265786e+03
5.454764085045106185e+03
5.453528074207577447e+03
5.452291980668683209e+03
5.451055804428420743e+03
5.449819545486790958e+03
5.448583203843793854e+03
5.447346779499429431e+03
5.446110272453697689e+03
5.444873682706598629e+03
5.443637010258133159e+03
5.442400255108299461e+03
5.441163417257098445e+03
5.439926496704531019e+03
5.438689493450595364e+03
5.437452407495292391e+03
5.436215238838623009e+03
5.434977987480585398e+03
5.433740653421180468e+03
5.432503236660409129e+03
5.431265737198269562e+03
5.430028155034763586e+03
5.428790490169889381e+03
5.427552742603648767e+03
5.426314912336040834e+03
5.425076999367064673e+03
5.423839003696722102e+03
5.422600925325012213e+03
5.421362764251934095e+03
5.420124520477489568e+03
5.418886194001677723e+03
5.417647784824497649e+03
5.416409292945951165e+03
5.415170718366037363e+03
5.413932061084756242e+03
5.412693321102107802e+03
5.411454498418092044e+03
5.410215593032708966e+03
5.408976604945957661e+03
5.407737534157840855e+03
5.406498380668355821e+03
5.405259144477502559e+03
5.404019825585283797e+03
5.402780423991696807e+03
5.401540939696742498e+03
5.400301372700420870e+03
5.399061723002731924e+03
5.397821990603675658e+03
5.396582175503252074e+03
5.395342277701462081e+03
5.394102297198303859e+03
5.392862233993778318e+03
5.391622088087886368e+03
5.390381859480626190e+03
5.389141548171998693e+03
5.387901154162004786e+03
5.386660677450642652e+03
5.385420118037914108e+03
5.384179475923817336e+03
5.382938751108353244e+03
5.381697943591522744e+03
5.380457053373324015e+03
5.379216080453758877e+03
5.377975024832826421e+03
5.376733886510525736e+03
5.375492665486858641e+03
5.374251361761824228e+03
5.373009975335421586e+03
5.371768506207652536e+03
5.370526954378516166e+03
5.369285319848012477e+03
5.368043602616140561e+03
5.366801802682902235e+03
5.365559920048296590e+03
5.364317954712323626e+03
5.363075906674983344e+03
5.361833775936275742e+03
5.360591562496200822e+03
5.359349266354758583e+03
5.358106887511949026e+03
5.356864425967772149e+03
5.355621881722227954e+03
5.354379254775316440e+03
5.353136545127037607e+03
5.351893752777391455e+03
5.350650877726377985e+03
5.349407919973997195e+03
5.348164879520249087e+03
5.346921756365134570e+03
5.345678550508651824e+03
5.344435261950801760e+03
5.343191890691585286e+03
5.341948436731000584e+03
5.340704900069049472e+03
5.339461280705730132e+03
5.338217578641043474e+03
5.336973793874990406e+03
5.335729926407569110e+03
5.334485976238781404e+03
5.333241943368625471e+03
5.331997827797103128e+03
5.330753629524212556e+03
5.329509348549955575e+03
5.328264984874331276e+03
5.327020538497338748e+03
5.325776009418979811e+03
5.324531397639253555e+03
5.323286703158159071e+03
5.322041925975698177e+03
5.320797066091869965e+03
5.319552123506673524e+03
5.318307098220111584e+03
5.317061990232180506e+03
5.315816799542883018e+03
5.314571526152218212e+03
5.313326170060186087e+03
5.312080731266786643e+03
5.310835209772019880e+03
5.309589605575885798e+03
5.308343918678384398e+03
5.307098149079515679e+03
5.305852296779279641e+03
5.304606361777676284e+03
5.303360344074705608e+03
5.302114243670368523e+03
5.300868060564662301e+03
5.299621794757590578e+03
5.298375446249150627e+03
5.297129015039343358e+03
5.295882501128169679e+03
5.294635904515627772e+03
5.293389225201718546e+03
5.292142463186442910e+03
5.290895618469799047e+03
5.289648691051787864e+03
5.288401680932410272e+03
5.287154588111664452e+03
5.285907412589552223e+03
5.284660154366071765e+03
5.283412813441224898e+03
5.282165389815010712e+03
5.280917883487428298e+03
5.279670294458479475e+03
5.278422622728162423e+03
5.277174868296478962e+03
5.275927031163428182e+03
5.274679111329009174e+03
5.273431108793223757e+03
5.272183023556071021e+03
5.270934855617550056e+03
5.269686604977663592e+03
5.268438271636407990e+03
5.267189855593785978e+03
5.265941356849796648e+03
5.264692775404439999e+03
5.263444111257716031e+03
5.262195364409624744e+03
5.260946534860166139e+03
5.259697622609340215e+03
5.258448627657146972e+03
5.257199550003586410e+03
5.255950389648658529e+03
5.254701146592363330e+03
5.253451820834701721e+03
5.252202412375670974e+03
5.250952921215274728e+03
5.249703347353510253e+03
5.248453690790378459e+03
5.247203951525880257e+03
5.245954129560013826e+03
5.244704224892780076e+03
5.243454237524179916e+03
5.242204167454211529e+03
5.240954014682876732e+03
5.239703779210173707e+03
5.238453461036103363e+03
5.237203060160666610e+03
5.235952576583861628e+03
5.234702010305690237e+03
5.233451361326151527e+03
5.232200629645244589e+03
5.230949815262971242e+03
5.229698918179329667e+03
5.228447938394321682e+03
5.227196875907946378e+03
5.225945730720202846e+03
5.224694502831092905e+03
5.223443192240615645e+03
5.222191798948770156e+03
5.220940322955559168e+03
5.219688764260979042e+03
5.218437122865032507e+03
5.217185398767718652e+03
5.215933591969037479e+03
5.214681702468988988e+03
5.213429730267573177e+03
5.212177675364790048e+03
5.210925537760639600e+03
5.209673317455121833e+03
5.208421014448236747e+03
5.207168628739984342e+03
5.205916160330365528e+03
5.204663609219378486e+03
5.203410975407023216e+03
5.202158258893302445e+03
5.200905459678213447e+03
5.199652577761757129e+03
5.198399613143934403e+03
5.197146565824743448e+03
5.195893435804185174e+03
5.194640223082260491e+03
5.193386927658967579e+03
5.192133549534308258e+03
5.190880088708280709e+03
5.189626545180886751e+03
5.188372918952124564e+03
5.187119210021995059e+03
5.185865418390499144e+03
5.184611544057635001e+03
5.183357587023404449e+03
5.182103547287806578e+03
5.180849424850840478e+03
5.179595219712507969e+03
5.178340931872808142e+03
5.177086561331740086e+03
5.175832108089305621e+03
5.174577572145503837e+03
5.173322953500334734e+03
5.172068252153798312e+03
5.170813468105893662e+03
5.169558601356622603e+03
5.168303651905984225e+03
5.167048619753978528e+03
5.165793504900605512e+03
5.164538307345865178e+03
5.163283027089757525e+03
5.162027664132282553e+03
5.160772218473440262e+03
5.159516690113230652e+03
5.158261079051653724e+03
5.157005385288709476e+03
5.155749608824398820e+03
5.154493749658719025e+03
5.153237807791673731e+03
5.151981783223260209e+03
5.150725675953479367e+03
5.149469485982332117e+03
5.148213213309816638e+03
5.146956857935933840e+03
5.145700419860684633e+03
5.144443899084067198e+03
5.143187295606082444e+03
5.141930609426731280e+03
5.140673840546011888e+03
5.139416988963926087e+03
5.138160054680472058e+03
5.136903037695651619e+03
5.135645938009462952e+03
5.134388755621907876e+03
5.133131490532985481e+03
5.131874142742694858e+03
5.130616712251037825e+03
5.129359199058013473e+03
5.128101603163620894e+03
5.126843924567861905e+03
5.125586163270735597e+03
5.124328319272241060e+03
5.123070392572380115e+03
5.121812383171151851e+03
5.120554291068556267e+03
5.119296116264593365e+03
5.118037858759263145e+03
5.116779518552565605e+03
5.115521095644500747e+03
5.114262590035068570e+03
5.113004001724269074e+03
5.111745330712102259e+03
5.110486576998568125e+03
5.109227740583666673e+03
5.107968821467397902e+03
5.106709819649761812e+03
5.105450735130758403e+03
5.104191567910388585e+03
5.102932317988650539e+03
5.101672985365545173e+03
5.100413570041073399e+03
5.099154072015233396e+03
5.097894491288026074e+03
5.096634827859452344e+03
5.095375081729510384e+03
5.094115252898201106e+03
5.092855341365525419e+03
5.091595347131481503e+03
5.090335270196070269e+03
5.089075110559292625e+03
5.087814868221147663e+03
5.086554543181634472e+03
5.085294135440754872e+03
5.084033644998507953e+03
5.082773071854892805e+03
5.081512416009911249e+03
5.080251677463561464e+03
5.078990856215845270e+03
5.077729952266761757e+03
5.076468965616310925e+03
5.075207896264491865e+03
5.073946744211306395e+03
5.072685509456753607e+03
5.071424192000833500e+03
5.070162791843546074e+03
5.068901308984891330e+03
5.067639743424868357e+03
5.066378095163479884e+03
5.065116364200723183e+03
5.063854550536598254e+03
5.062592654171107824e+03
5.061330675104249167e+03
5.060068613336023191e+03
5.058806468866429896e+03
5.057544241695469282e+03
5.056281931823141349e+03
5.055019539249446098e+03
5.053757063974384437e+03
5.052494505997954548e+03
5.051231865320158249e+03
5.049969141940993723e+03
5.048706335860461877e+03
5.047443447078563622e+03
5.046180475595297139e+03
5.044917421410663337e+03
5.043654284524662216e+03
5.042391064937294686e+03
5.041127762648558928e+03
5.039864377658456760e+03
5.038600909966986364e+03
5.037337359574149559e+03
5.036073726479944526e+03
5.034810010684373083e+03
5.033546212187434321e+03
5.032282330989128241e+03
5.031018367089454841e+03
5.029754320488413214e+03
5.028490191186005177e+03
5.027225979182228912e+03
5.025961684477086237e+03
5.024697307070577153e+03
5.023432846962698932e+03
5.022168304153454301e+03
5.020903678642842351e+03
5.019638970430862173e+03
5.018374179517515586e+03
5.017109305902802589e+03
5.015844349586721364e+03
5.014579310569271911e+03
5.013314188850456048e+03
5.012048984430273777e+03
5.010783697308723276e+03
5.009518327485805457e+03
5.008252874961520320e+03
5.006987339735867863e+03
5.005721721808848088e+03
5.004456021180461903e+03
5.003190237850707490e+03
5.001924371819586668e+03
5.000658423087097617e+03
4.999392391653241248e+03
4.998126277518018469e+03
4.996860080681426552e+03
4.995593801143469136e+03
4.994327438904143492e+03
4.993060993963451438e+03
4.991794466321391155e+03
4.990527855977964464e+03
4.989261162933169544e+03
4.987994387187008215e+03
4.986727528739478657e+03
4.985460587590583600e+03
4.984193563740319405e+03
4.982926457188688801e+03
4.981659267935689968e+03
4.980391995981324726e+03
4.979124641325592165e+03
4.977857203968491376e+03
4.976589683910024178e+03
4.975322081150189661e+03
4.974054395688987825e+03
4.972786627526418670e+03
4.971518776662482196e+03
4.970250843097177494e+03
4.968982826830506383e+03
4.967714727862468862e+03
4.966446546193063114e+03
4.965178281822289136e+03
4.963909934750148750e+03
4.962641504976641954e+03
4.961372992501766930e+03
4.960104397325523678e+03
4.958835719447914926e+03
4.957566958868937945e+03
4.956298115588593646e+03
4.955029189606882937e+03
4.953760180923804000e+03
4.952491089539357745e+03
4.951221915453545080e+03
4.949952658666363277e+03
4.948683319177815974e+03
4.947413896987900443e+03
4.946144392096618503e+03
4.944874804503968335e+03
4.943605134209950847e+03
4.942335381214566951e+03
4.941065545517814826e+03
4.939795627119696292e+03
4.938525626020210439e+03
4.937255542219356357e+03
4.935985375717135867e+03
4.934715126513547148e+03
4.933444794608592019e+03
4.932174380002269572e+03
4.930903882694579806e+03
4.929633302685521812e+03
4.928362639975097409e+03
4.927091894563305686e+03
4.925821066450145736e+03
4.924550155635619376e+03
4.923279162119726607e+03
4.922008085902464700e+03
4.920736926983836383e+03
4.919465685363840748e+03
4.918194361042478704e+03
4.916922954019747522e+03
4.915651464295649930e+03
4.914379891870185020e+03
4.913108236743352791e+03
4.911836498915154152e+03
4.910564678385586376e+03
4.909292775154652190e+03
4.908020789222351596e+03
4.906748720588682772e+03
4.905476569253647540e+03
4.904204335217244079e+03
4.902932018479473300e+03
4.901659619040336111e+03
4.900387136899829784e+03
4.899114572057957957e+03
4.897841924514717903e+03
4.896569194270110529e+03
4.895296381324136746e+03
4.894023485676794735e+03
4.892750507328086314e+03
4.891477446278009666e+03
4.890204302526566607e+03
4.888931076073756230e+03
4.887657766919577625e+03
4.886384375064032611e+03
4.885110900507119368e+03
4.883837343248839716e+03
4.882563703289191835e+03
4.881289980628178455e+03
4.880016175265795937e+03
4.878742287202047009e+03
4.877468316436930763e+03
4.876194262970446289e+03
4.874920126802595405e+03
4.873645907933378112e+03
4.872371606362792591e+03
4.871097222090838841e+03
4.869822755117518682e+03
4.868548205442831204e+03
4.867273573066776407e+03
4.865998857989354292e+03
4.864724060210564858e+03
4.863449179730408105e+03
4.862174216548884033e+03
4.860899170665992642e+03
4.859624042081733933e+03
4.858348830796108814e+03
4.857073536809115467e+03
4.855798160120754801e+03
4.854522700731026816e+03
4.853247158639931513e+03
4.851971533847469800e+03
4.850695826353639859e+03
4.849420036158442599e+03
4.848144163261878930e+03
4.846868207663947032e+03
4.845592169364648726e+03
4.844316048363982190e+03
4.843039844661949246e+03
4.841763558258548073e+03
4.840487189153780491e+03
4.839210737347644681e+03
4.837934202840142461e+03
4.836657585631272013e+03
4.835380885721035156e+03
4.834104103109430071e+03
4.832827237796458576e+03
4.831550289782119762e+03
4.830273259066412720e+03
4.828996145649340178e+03
4.827718949530899408e+03
4.826441670711090410e+03
4.825164309189915002e+03
4.823886864967372276e+03
4.822609338043462230e+03
4.821331728418184866e+03
4.820054036091540183e+03
4.818776261063528182e+03
4.817498403334147952e+03
4.816220462903402222e+03
4.814942439771288264e+03
4.813664333937806987e+03
4.812386145402958391e+03
4.811107874166742477e+03
4.809829520229159243e+03
4.808551083590208691e+03
4.807272564249891730e+03
4.805993962208206540e+03
4.804715277465154031e+03
4.803436510020734204e+03
4.802157659874947058e+03
4.800878727027793502e+03
4.799599711479271718e+03
4.798320613229383525e+03
4.797041432278127104e+03
4.795762168625504273e+03
4.794482822271513214e+03
4.793203393216155746e+03
4.791923881459430049e+03
4.790644287001337943e+03
4.789364609841877609e+03
4.788084849981050866e+03
4.786805007418855894e+03
4.785525082155294513e+03
4.784245074190364903e+03
4.782964983524068884e+03
4.781684810156405547e+03
4.780404554087374891e+03
4.779124215316976006e+03
4.777843793845210712e+03
4.776563289672078099e+03
4.775282702797578168e+03
4.774002033221710008e+03
4.772721280944475438e+03
4.771440445965873550e+03
4.770159528285905253e+03
4.768878527904567818e+03
4.767597444821863974e+03
4.766316279037792810e+03
4.765035030552355238e+03
4.763753699365548528e+03
4.762472285477375408e+03
4.761190788887835879e+03
4.759909209596928122e+03
4.758627547604653046e+03
4.757345802911010651e+03
4.756063975516000937e+03
4.754782065419623905e+03
4.753500072621880463e+03
4.752217997122768793e+03
4.750935838922290714e+03
4.749653598020444406e+03
4.748371274417231689e+03
4.747088868112650744e+03
4.745806379106702479e+03
4.744523807399387806e+03
4.743241152990704904e+03
4.741958415880655593e+03
4.740675596069238054e+03
4.739392693556454105e+03
4.738109708342301928e+03
4.736826640426783342e+03
4.735543489809897437e+03
4.734260256491643304e+03
4.732976940472022761e+03
4.731693541751033990e+03
4.730410060328678810e+03
4.729126496204956311e+03
4.727842849379866493e+03
4.726559119853409356e+03
4.725275307625583991e+03
4.723991412696392217e+03
4.722707435065833124e+03
4.721423374733907622e+03
4.720139231700612982e+03
4.718855005965951932e+03
4.717570697529923564e+03
4.716286306392527877e+03
4.715001832553764871e+03
4.713717276013634546e+03
4.712432636772136902e+03
4.711147914829272850e+03
4.709863110185040568e+03
4.708578222839440059e+03
4.707293252792474050e+03
4.706008200044139812e+03
4.704723064594438256e+03
4.703437846443370290e+03
4.702152545590934096e+03
4.700867162037131493e+03
4.699581695781960661e+03
4.698296146825422511e+03
4.697010515167517951e+03
4.695724800808244254e+03
4.694439003747605057e+03
4.693153123985598540e+03
4.691867161522223796e+03
4.690581116357481733e+03
4.689294988491374170e+03
4.688008777923897469e+03
4.686722484655054359e+03
4.685436108684843020e+03
4.684149650013265273e+03
4.682863108640319297e+03
4.681576484566006911e+03
4.680289777790327207e+03
4.679002988313279275e+03
4.677716116134864933e+03
4.676429161255084182e+03
4.675142123673934293e+03
4.673855003391417995e+03
4.672567800407534378e+03
4.671280514722283442e+03
4.669993146335664278e+03
4.668705695247679614e+03
4.667418161458326722e+03
4.666130544967605601e+03
4.664842845775518072e+03
4.663555063882064132e+03
4.662267199287241965e+03
4.660979251991052479e+03
4.659691221993495674e+03
4.658403109294571550e+03
4.657114913894280107e+03
4.655826635792622255e+03
4.654538274989596175e+03
4.653249831485202776e+03
